file,flow_id,window_size,client_ip,client_port,server_ip,server_port,total_packets,outgoing_packets,incoming_packets,total_bytes,outgoing_bytes,incoming_bytes,packet_size_mean,packet_size_min,packet_size_max,packet_size_std,packet_size_var,packet_size_cv,packet_size_out_mean,packet_size_out_min,packet_size_out_max,packet_size_out_std,packet_size_out_var,packet_size_out_cv,packet_size_in_mean,packet_size_in_min,packet_size_in_max,packet_size_in_std,packet_size_in_var,packet_size_in_cv,iat_mean,iat_min,iat_max,iat_std,iat_var,iat_out_mean,iat_out_min,iat_out_max,iat_out_std,iat_out_var,iat_in_mean,iat_in_min,iat_in_max,iat_in_std,iat_in_var,short_header_count,long_header_count,short_header_ratio,long_header_ratio,spin_bit_count,spin_bit_ratio,no_spin_bit_ratio,initial_packets,handshake_packets,zerortt_packets,onertt_packets,retry_packets,initial_ratio,handshake_ratio,zerortt_ratio,onertt_ratio,retry_ratio,entropy_direction,entropy_packet_size,duration
QUIC_CONNECT1.pcap,172.16.0.54:35605->172.19.0.8:443,3,172.16.0.54,35605,172.19.0.8,443,3,1,2,3882,1294,2588,1294.0,1294,1294,0.0,0.0,0.0,1294.0,1294,1294,0.0,0.0,0.0,1294.0,1294,1294,0.0,0.0,0.0,0.005033016204833984,0.0001010894775390625,0.009964942932128906,0.004931926727294922,2.4323901243406e-05,0.0,0.0,0.0,0.0,0.0,0.0001010894775390625,0.0001010894775390625,0.0001010894775390625,0.0,0.0,0,3,0.0,1.0,0,0.0,1.0,1,2,0,0,0,0.3333333333333333,0.6666666666666666,0.0,0.0,0.0,0.9182958340544896,0.0,0.010066032409667969
QUIC_CONNECT1.pcap,172.16.0.54:60705->172.19.0.8:443,3,172.16.0.54,60705,172.19.0.8,443,3,1,2,3882,1294,2588,1294.0,1294,1294,0.0,0.0,0.0,1294.0,1294,1294,0.0,0.0,0.0,1294.0,1294,1294,0.0,0.0,0.0,0.009715557098388672,0.00010013580322265625,0.019330978393554688,0.009615421295166016,9.24563266835321e-05,0.0,0.0,0.0,0.0,0.0,0.00010013580322265625,0.00010013580322265625,0.00010013580322265625,0.0,0.0,0,3,0.0,1.0,0,0.0,1.0,1,2,0,0,0,0.3333333333333333,0.6666666666666666,0.0,0.0,0.0,0.9182958340544896,0.0,0.019431114196777344
QUIC_CONNECT1.pcap,172.16.0.43:50414->172.19.0.8:443,3,172.16.0.43,50414,172.19.0.8,443,3,1,2,3882,1294,2588,1294.0,1294,1294,0.0,0.0,0.0,1294.0,1294,1294,0.0,0.0,0.0,1294.0,1294,1294,0.0,0.0,0.0,0.005133509635925293,9.894371032714844e-05,0.010168075561523438,0.0050345659255981445,2.5346854059193902e-05,0.0,0.0,0.0,0.0,0.0,9.894371032714844e-05,9.894371032714844e-05,9.894371032714844e-05,0.0,0.0,0,3,0.0,1.0,0,0.0,1.0,1,2,0,0,0,0.3333333333333333,0.6666666666666666,0.0,0.0,0.0,0.9182958340544896,0.0,0.010267019271850586
QUIC_CONNECT1.pcap,172.16.0.43:36711->172.19.0.8:443,3,172.16.0.43,36711,172.19.0.8,443,3,1,2,3882,1294,2588,1294.0,1294,1294,0.0,0.0,0.0,1294.0,1294,1294,0.0,0.0,0.0,1294.0,1294,1294,0.0,0.0,0.0,0.00969851016998291,0.00011706352233886719,0.019279956817626953,0.009581446647644043,9.180411986164927e-05,0.0,0.0,0.0,0.0,0.0,0.00011706352233886719,0.00011706352233886719,0.00011706352233886719,0.0,0.0,0,3,0.0,1.0,0,0.0,1.0,1,2,0,0,0,0.3333333333333333,0.6666666666666666,0.0,0.0,0.0,0.9182958340544896,0.0,0.01939702033996582
QUIC_CONNECT1.pcap,172.16.0.33:60508->172.19.0.8:443,3,172.16.0.33,60508,172.19.0.8,443,3,1,2,3882,1294,2588,1294.0,1294,1294,0.0,0.0,0.0,1294.0,1294,1294,0.0,0.0,0.0,1294.0,1294,1294,0.0,0.0,0.0,0.004966616630554199,0.00012803077697753906,0.00980520248413086,0.00483858585357666,2.3411913062432177e-05,0.0,0.0,0.0,0.0,0.0,0.00012803077697753906,0.00012803077697753906,0.00012803077697753906,0.0,0.0,0,3,0.0,1.0,0,0.0,1.0,1,2,0,0,0,0.3333333333333333,0.6666666666666666,0.0,0.0,0.0,0.9182958340544896,0.0,0.009933233261108398
QUIC_CONNECT1.pcap,172.16.0.33:47762->172.19.0.8:443,3,172.16.0.33,47762,172.19.0.8,443,3,1,2,3882,1294,2588,1294.0,1294,1294,0.0,0.0,0.0,1294.0,1294,1294,0.0,0.0,0.0,1294.0,1294,1294,0.0,0.0,0.0,0.009453058242797852,0.00012111663818359375,0.01878499984741211,0.009331941604614258,8.708513411193053e-05,0.0,0.0,0.0,0.0,0.0,0.00012111663818359375,0.00012111663818359375,0.00012111663818359375,0.0,0.0,0,3,0.0,1.0,0,0.0,1.0,1,2,0,0,0,0.3333333333333333,0.6666666666666666,0.0,0.0,0.0,0.9182958340544896,0.0,0.018906116485595703
QUIC_CONNECT1.pcap,172.16.0.43:39572->172.19.0.8:443,3,172.16.0.43,39572,172.19.0.8,443,3,1,2,3882,1294,2588,1294.0,1294,1294,0.0,0.0,0.0,1294.0,1294,1294,0.0,0.0,0.0,1294.0,1294,1294,0.0,0.0,0.0,0.005207061767578125,0.00012421607971191406,0.010289907455444336,0.005082845687866211,2.5835320286660135e-05,0.0,0.0,0.0,0.0,0.0,0.00012421607971191406,0.00012421607971191406,0.00012421607971191406,0.0,0.0,0,3,0.0,1.0,0,0.0,1.0,1,2,0,0,0,0.3333333333333333,0.6666666666666666,0.0,0.0,0.0,0.9182958340544896,0.0,0.01041412353515625
QUIC_CONNECT1.pcap,172.16.0.33:40004->172.19.0.8:443,3,172.16.0.33,40004,172.19.0.8,443,3,1,2,3882,1294,2588,1294.0,1294,1294,0.0,0.0,0.0,1294.0,1294,1294,0.0,0.0,0.0,1294.0,1294,1294,0.0,0.0,0.0,0.004677534103393555,0.00011396408081054688,0.009241104125976562,0.004563570022583008,2.0826171351018274e-05,0.0,0.0,0.0,0.0,0.0,0.00011396408081054688,0.00011396408081054688,0.00011396408081054688,0.0,0.0,0,3,0.0,1.0,0,0.0,1.0,1,2,0,0,0,0.3333333333333333,0.6666666666666666,0.0,0.0,0.0,0.9182958340544896,0.0,0.00935506820678711
QUIC_CONNECT1.pcap,172.16.0.62:44834->172.19.0.8:443,3,172.16.0.62,44834,172.19.0.8,443,3,1,2,3882,1294,2588,1294.0,1294,1294,0.0,0.0,0.0,1294.0,1294,1294,0.0,0.0,0.0,1294.0,1294,1294,0.0,0.0,0.0,0.0047855377197265625,0.000102996826171875,0.00946807861328125,0.0046825408935546875,2.192618921981193e-05,0.0,0.0,0.0,0.0,0.0,0.000102996826171875,0.000102996826171875,0.000102996826171875,0.0,0.0,0,3,0.0,1.0,0,0.0,1.0,1,2,0,0,0,0.3333333333333333,0.6666666666666666,0.0,0.0,0.0,0.9182958340544896,0.0,0.009571075439453125
QUIC_CONNECT1.pcap,172.16.0.62:35818->172.19.0.8:443,3,172.16.0.62,35818,172.19.0.8,443,3,1,2,3882,1294,2588,1294.0,1294,1294,0.0,0.0,0.0,1294.0,1294,1294,0.0,0.0,0.0,1294.0,1294,1294,0.0,0.0,0.0,0.009155988693237305,0.00011205673217773438,0.018199920654296875,0.00904393196105957,8.17927053162748e-05,0.0,0.0,0.0,0.0,0.0,0.00011205673217773438,0.00011205673217773438,0.00011205673217773438,0.0,0.0,0,3,0.0,1.0,0,0.0,1.0,1,2,0,0,0,0.3333333333333333,0.6666666666666666,0.0,0.0,0.0,0.9182958340544896,0.0,0.01831197738647461
QUIC_CONNECT1.pcap,172.16.0.62:37737->172.19.0.8:443,3,172.16.0.62,37737,172.19.0.8,443,3,1,2,3882,1294,2588,1294.0,1294,1294,0.0,0.0,0.0,1294.0,1294,1294,0.0,0.0,0.0,1294.0,1294,1294,0.0,0.0,0.0,0.013166546821594238,0.00013113021850585938,0.026201963424682617,0.013035416603088379,0.00016992208601607217,0.0,0.0,0.0,0.0,0.0,0.00013113021850585938,0.00013113021850585938,0.00013113021850585938,0.0,0.0,0,3,0.0,1.0,0,0.0,1.0,1,2,0,0,0,0.3333333333333333,0.6666666666666666,0.0,0.0,0.0,0.9182958340544896,0.0,0.026333093643188477
QUIC_CONNECT1.pcap,172.16.0.34:37500->172.19.0.8:443,3,172.16.0.34,37500,172.19.0.8,443,3,1,2,3882,1294,2588,1294.0,1294,1294,0.0,0.0,0.0,1294.0,1294,1294,0.0,0.0,0.0,1294.0,1294,1294,0.0,0.0,0.0,0.005010485649108887,0.00010204315185546875,0.009918928146362305,0.004908442497253418,2.409280774884337e-05,0.0,0.0,0.0,0.0,0.0,0.00010204315185546875,0.00010204315185546875,0.00010204315185546875,0.0,0.0,0,3,0.0,1.0,0,0.0,1.0,1,2,0,0,0,0.3333333333333333,0.6666666666666666,0.0,0.0,0.0,0.9182958340544896,0.0,0.010020971298217773
QUIC_CONNECT1.pcap,172.16.0.34:48393->172.19.0.8:443,3,172.16.0.34,48393,172.19.0.8,443,3,1,2,3882,1294,2588,1294.0,1294,1294,0.0,0.0,0.0,1294.0,1294,1294,0.0,0.0,0.0,1294.0,1294,1294,0.0,0.0,0.0,0.009331464767456055,0.00013303756713867188,0.018529891967773438,0.009198427200317383,8.461106295953869e-05,0.0,0.0,0.0,0.0,0.0,0.00013303756713867188,0.00013303756713867188,0.00013303756713867188,0.0,0.0,0,3,0.0,1.0,0,0.0,1.0,1,2,0,0,0,0.3333333333333333,0.6666666666666666,0.0,0.0,0.0,0.9182958340544896,0.0,0.01866292953491211
QUIC_CONNECT1.pcap,172.16.0.34:40514->172.19.0.8:443,3,172.16.0.34,40514,172.19.0.8,443,3,1,2,3882,1294,2588,1294.0,1294,1294,0.0,0.0,0.0,1294.0,1294,1294,0.0,0.0,0.0,1294.0,1294,1294,0.0,0.0,0.0,0.013594985008239746,9.894371032714844e-05,0.027091026306152344,0.013496041297912598,0.00018214313071496235,0.0,0.0,0.0,0.0,0.0,9.894371032714844e-05,9.894371032714844e-05,9.894371032714844e-05,0.0,0.0,0,3,0.0,1.0,0,0.0,1.0,1,2,0,0,0,0.3333333333333333,0.6666666666666666,0.0,0.0,0.0,0.9182958340544896,0.0,0.027189970016479492
QUIC_CONNECT1.pcap,172.16.0.38:43791->172.19.0.8:443,3,172.16.0.38,43791,172.19.0.8,443,3,1,2,3882,1294,2588,1294.0,1294,1294,0.0,0.0,0.0,1294.0,1294,1294,0.0,0.0,0.0,1294.0,1294,1294,0.0,0.0,0.0,0.005386471748352051,0.00010800361633300781,0.010664939880371094,0.005278468132019043,2.7862225820740605e-05,0.0,0.0,0.0,0.0,0.0,0.00010800361633300781,0.00010800361633300781,0.00010800361633300781,0.0,0.0,0,3,0.0,1.0,0,0.0,1.0,1,2,0,0,0,0.3333333333333333,0.6666666666666666,0.0,0.0,0.0,0.9182958340544896,0.0,0.010772943496704102
QUIC_CONNECT1.pcap,172.16.0.38:40215->172.19.0.8:443,3,172.16.0.38,40215,172.19.0.8,443,3,1,2,3882,1294,2588,1294.0,1294,1294,0.0,0.0,0.0,1294.0,1294,1294,0.0,0.0,0.0,1294.0,1294,1294,0.0,0.0,0.0,0.009945511817932129,9.489059448242188e-05,0.019796133041381836,0.009850621223449707,9.70347384878778e-05,0.0,0.0,0.0,0.0,0.0,9.489059448242188e-05,9.489059448242188e-05,9.489059448242188e-05,0.0,0.0,0,3,0.0,1.0,0,0.0,1.0,1,2,0,0,0,0.3333333333333333,0.6666666666666666,0.0,0.0,0.0,0.9182958340544896,0.0,0.019891023635864258
QUIC_CONNECT1.pcap,172.16.0.38:44627->172.19.0.8:443,3,172.16.0.38,44627,172.19.0.8,443,3,1,2,3882,1294,2588,1294.0,1294,1294,0.0,0.0,0.0,1294.0,1294,1294,0.0,0.0,0.0,1294.0,1294,1294,0.0,0.0,0.0,0.014345407485961914,9.989738464355469e-05,0.028590917587280273,0.01424551010131836,0.00020293455804676341,0.0,0.0,0.0,0.0,0.0,9.989738464355469e-05,9.989738464355469e-05,9.989738464355469e-05,0.0,0.0,0,3,0.0,1.0,0,0.0,1.0,1,2,0,0,0,0.3333333333333333,0.6666666666666666,0.0,0.0,0.0,0.9182958340544896,0.0,0.028690814971923828
QUIC_CONNECT1.pcap,172.16.0.56:51035->172.19.0.8:443,3,172.16.0.56,51035,172.19.0.8,443,3,1,2,3882,1294,2588,1294.0,1294,1294,0.0,0.0,0.0,1294.0,1294,1294,0.0,0.0,0.0,1294.0,1294,1294,0.0,0.0,0.0,0.016677498817443848,0.00010085105895996094,0.033254146575927734,0.016576647758483887,0.00027478525090884887,0.0,0.0,0.0,0.0,0.0,0.00010085105895996094,0.00010085105895996094,0.00010085105895996094,0.0,0.0,0,3,0.0,1.0,0,0.0,1.0,1,2,0,0,0,0.3333333333333333,0.6666666666666666,0.0,0.0,0.0,0.9182958340544896,0.0,0.033354997634887695
QUIC_CONNECT1.pcap,172.16.0.56:49177->172.19.0.8:443,3,172.16.0.56,49177,172.19.0.8,443,3,1,2,3882,1294,2588,1294.0,1294,1294,0.0,0.0,0.0,1294.0,1294,1294,0.0,0.0,0.0,1294.0,1294,1294,0.0,0.0,0.0,0.020769953727722168,0.00010800361633300781,0.04143190383911133,0.02066195011138916,0.00042691618240553453,0.0,0.0,0.0,0.0,0.0,0.00010800361633300781,0.00010800361633300781,0.00010800361633300781,0.0,0.0,0,3,0.0,1.0,0,0.0,1.0,1,2,0,0,0,0.3333333333333333,0.6666666666666666,0.0,0.0,0.0,0.9182958340544896,0.0,0.041539907455444336
QUIC_CONNECT1.pcap,172.16.0.56:53609->172.19.0.8:443,3,172.16.0.56,53609,172.19.0.8,443,3,1,2,3882,1294,2588,1294.0,1294,1294,0.0,0.0,0.0,1294.0,1294,1294,0.0,0.0,0.0,1294.0,1294,1294,0.0,0.0,0.0,0.025583982467651367,0.00010800361633300781,0.05105996131896973,0.02547597885131836,0.0006490254984328203,0.0,0.0,0.0,0.0,0.0,0.00010800361633300781,0.00010800361633300781,0.00010800361633300781,0.0,0.0,0,3,0.0,1.0,0,0.0,1.0,1,2,0,0,0,0.3333333333333333,0.6666666666666666,0.0,0.0,0.0,0.9182958340544896,0.0,0.051167964935302734
QUIC_CONNECT1.pcap,172.16.0.54:43486->172.19.0.8:443,3,172.16.0.54,43486,172.19.0.8,443,3,3,0,3882,3882,0,1294.0,1294,1294,0.0,0.0,0.0,1294.0,1294,1294,0.0,0.0,0.0,0.0,0,0,0.0,0.0,0.0,0.048884034156799316,0.0,0.09776806831359863,0.048884034156799316,0.0023896487954431223,0.048884034156799316,0.0,0.09776806831359863,0.048884034156799316,0.0023896487954431223,0.0,0.0,0.0,0.0,0.0,0,3,0.0,1.0,0,0.0,1.0,3,0,0,0,0,1.0,0.0,0.0,0.0,0.0,0.0,0.0,0.09776806831359863
QUIC_CONNECT1.pcap,172.16.0.39:38476->172.19.0.8:443,3,172.16.0.39,38476,172.19.0.8,443,3,3,0,3882,3882,0,1294.0,1294,1294,0.0,0.0,0.0,1294.0,1294,1294,0.0,0.0,0.0,0.0,0,0,0.0,0.0,0.0,0.10007905960083008,0.0,0.20015811920166016,0.10007905960083008,0.010015818170586499,0.10007905960083008,0.0,0.20015811920166016,0.10007905960083008,0.010015818170586499,0.0,0.0,0.0,0.0,0.0,0,3,0.0,1.0,0,0.0,1.0,3,0,0,0,0,1.0,0.0,0.0,0.0,0.0,0.0,0.0,0.20015811920166016
QUIC_CONNECT1.pcap,172.16.0.39:37248->172.19.0.8:443,3,172.16.0.39,37248,172.19.0.8,443,3,3,0,3882,3882,0,1294.0,1294,1294,0.0,0.0,0.0,1294.0,1294,1294,0.0,0.0,0.0,0.0,0,0,0.0,0.0,0.0,0.0999985933303833,1.3113021850585938e-05,0.19998407363891602,0.09998548030853271,0.009997096272527983,0.0999985933303833,1.3113021850585938e-05,0.19998407363891602,0.09998548030853271,0.009997096272527983,0.0,0.0,0.0,0.0,0.0,0,3,0.0,1.0,0,0.0,1.0,3,0,0,0,0,1.0,0.0,0.0,0.0,0.0,0.0,0.0,0.1999971866607666
QUIC_CONNECT1.pcap,172.16.0.39:56792->172.19.0.8:443,3,172.16.0.39,56792,172.19.0.8,443,3,3,0,3882,3882,0,1294.0,1294,1294,0.0,0.0,0.0,1294.0,1294,1294,0.0,0.0,0.0,0.0,0,0,0.0,0.0,0.0,0.0762859582901001,0.0,0.1525719165802002,0.0762859582901001,0.005819547432238892,0.0762859582901001,0.0,0.1525719165802002,0.0762859582901001,0.005819547432238892,0.0,0.0,0.0,0.0,0.0,0,3,0.0,1.0,0,0.0,1.0,3,0,0,0,0,1.0,0.0,0.0,0.0,0.0,0.0,0.0,0.1525719165802002
QUIC_CONNECT1.pcap,172.16.0.47:36740->172.19.0.8:443,3,172.16.0.47,36740,172.19.0.8,443,3,3,0,3882,3882,0,1294.0,1294,1294,0.0,0.0,0.0,1294.0,1294,1294,0.0,0.0,0.0,0.0,0,0,0.0,0.0,0.0,0.10030198097229004,0.0,0.20060396194458008,0.10030198097229004,0.010060487386965633,0.10030198097229004,0.0,0.20060396194458008,0.10030198097229004,0.010060487386965633,0.0,0.0,0.0,0.0,0.0,0,3,0.0,1.0,0,0.0,1.0,3,0,0,0,0,1.0,0.0,0.0,0.0,0.0,0.0,0.0,0.20060396194458008
QUIC_CONNECT1.pcap,172.16.0.47:59612->172.19.0.8:443,3,172.16.0.47,59612,172.19.0.8,443,3,3,0,3882,3882,0,1294.0,1294,1294,0.0,0.0,0.0,1294.0,1294,1294,0.0,0.0,0.0,0.0,0,0,0.0,0.0,0.0,0.10032546520233154,0.0,0.20065093040466309,0.10032546520233154,0.010065198968064237,0.10032546520233154,0.0,0.20065093040466309,0.10032546520233154,0.010065198968064237,0.0,0.0,0.0,0.0,0.0,0,3,0.0,1.0,0,0.0,1.0,3,0,0,0,0,1.0,0.0,0.0,0.0,0.0,0.0,0.0,0.20065093040466309
QUIC_CONNECT1.pcap,172.16.0.47:46808->172.19.0.8:443,3,172.16.0.47,46808,172.19.0.8,443,3,3,0,3882,3882,0,1294.0,1294,1294,0.0,0.0,0.0,1294.0,1294,1294,0.0,0.0,0.0,0.0,0,0,0.0,0.0,0.0,0.1002730131149292,0.0,0.2005460262298584,0.1002730131149292,0.010054677159146763,0.1002730131149292,0.0,0.2005460262298584,0.1002730131149292,0.010054677159146763,0.0,0.0,0.0,0.0,0.0,0,3,0.0,1.0,0,0.0,1.0,3,0,0,0,0,1.0,0.0,0.0,0.0,0.0,0.0,0.0,0.2005460262298584
QUIC_CONNECT1.pcap,172.16.0.59:38435->172.19.0.8:443,3,172.16.0.59,38435,172.19.0.8,443,3,3,0,3882,3882,0,1294.0,1294,1294,0.0,0.0,0.0,1294.0,1294,1294,0.0,0.0,0.0,0.0,0,0,0.0,0.0,0.0,4.76837158203125e-07,0.0,9.5367431640625e-07,4.76837158203125e-07,2.2737367544323206e-13,4.76837158203125e-07,0.0,9.5367431640625e-07,4.76837158203125e-07,2.2737367544323206e-13,0.0,0.0,0.0,0.0,0.0,0,3,0.0,1.0,0,0.0,1.0,3,0,0,0,0,1.0,0.0,0.0,0.0,0.0,0.0,0.0,9.5367431640625e-07
QUIC_CONNECT1.pcap,172.16.0.59:52927->172.19.0.8:443,3,172.16.0.59,52927,172.19.0.8,443,3,3,0,3882,3882,0,1294.0,1294,1294,0.0,0.0,0.0,1294.0,1294,1294,0.0,0.0,0.0,0.0,0,0,0.0,0.0,0.0,0.0002390146255493164,9.5367431640625e-07,0.00047707557678222656,0.00023806095123291016,5.667301650191803e-08,0.0002390146255493164,9.5367431640625e-07,0.00047707557678222656,0.00023806095123291016,5.667301650191803e-08,0.0,0.0,0.0,0.0,0.0,0,3,0.0,1.0,0,0.0,1.0,3,0,0,0,0,1.0,0.0,0.0,0.0,0.0,0.0,0.0,0.0004780292510986328
QUIC_CONNECT1.pcap,172.16.0.46:39372->172.19.0.8:443,3,172.16.0.46,39372,172.19.0.8,443,3,3,0,3882,3882,0,1294.0,1294,1294,0.0,0.0,0.0,1294.0,1294,1294,0.0,0.0,0.0,0.0,0,0,0.0,0.0,0.0,0.10036194324493408,1.1920928955078125e-05,0.20071196556091309,0.100350022315979,0.010070126978817484,0.10036194324493408,1.1920928955078125e-05,0.20071196556091309,0.100350022315979,0.010070126978817484,0.0,0.0,0.0,0.0,0.0,0,3,0.0,1.0,0,0.0,1.0,3,0,0,0,0,1.0,0.0,0.0,0.0,0.0,0.0,0.0,0.20072388648986816
QUIC_CONNECT1.pcap,172.16.0.46:47250->172.19.0.8:443,3,172.16.0.46,47250,172.19.0.8,443,3,3,0,3882,3882,0,1294.0,1294,1294,0.0,0.0,0.0,1294.0,1294,1294,0.0,0.0,0.0,0.0,0,0,0.0,0.0,0.0,0.10041546821594238,0.0,0.20083093643188477,0.10041546821594238,0.010083266257026935,0.10041546821594238,0.0,0.20083093643188477,0.10041546821594238,0.010083266257026935,0.0,0.0,0.0,0.0,0.0,0,3,0.0,1.0,0,0.0,1.0,3,0,0,0,0,1.0,0.0,0.0,0.0,0.0,0.0,0.0,0.20083093643188477
QUIC_CONNECT1.pcap,172.16.0.46:49549->172.19.0.8:443,3,172.16.0.46,49549,172.19.0.8,443,3,3,0,3882,3882,0,1294.0,1294,1294,0.0,0.0,0.0,1294.0,1294,1294,0.0,0.0,0.0,0.0,0,0,0.0,0.0,0.0,0.1002969741821289,0.0,0.2005939483642578,0.1002969741821289,0.010059483030090632,0.1002969741821289,0.0,0.2005939483642578,0.1002969741821289,0.010059483030090632,0.0,0.0,0.0,0.0,0.0,0,3,0.0,1.0,0,0.0,1.0,3,0,0,0,0,1.0,0.0,0.0,0.0,0.0,0.0,0.0,0.2005939483642578
QUIC_CONNECT1.pcap,172.16.0.53:49848->172.19.0.8:443,3,172.16.0.53,49848,172.19.0.8,443,3,3,0,3882,3882,0,1294.0,1294,1294,0.0,0.0,0.0,1294.0,1294,1294,0.0,0.0,0.0,0.0,0,0,0.0,0.0,0.0,0.1002650260925293,0.0,0.2005300521850586,0.1002650260925293,0.01005307545733558,0.1002650260925293,0.0,0.2005300521850586,0.1002650260925293,0.01005307545733558,0.0,0.0,0.0,0.0,0.0,0,3,0.0,1.0,0,0.0,1.0,3,0,0,0,0,1.0,0.0,0.0,0.0,0.0,0.0,0.0,0.2005300521850586
QUIC_CONNECT1.pcap,172.16.0.53:49516->172.19.0.8:443,3,172.16.0.53,49516,172.19.0.8,443,3,3,0,3882,3882,0,1294.0,1294,1294,0.0,0.0,0.0,1294.0,1294,1294,0.0,0.0,0.0,0.0,0,0,0.0,0.0,0.0,0.10029244422912598,5.9604644775390625e-06,0.20057892799377441,0.10028648376464844,0.010057378825877095,0.10029244422912598,5.9604644775390625e-06,0.20057892799377441,0.10028648376464844,0.010057378825877095,0.0,0.0,0.0,0.0,0.0,0,3,0.0,1.0,0,0.0,1.0,3,0,0,0,0,1.0,0.0,0.0,0.0,0.0,0.0,0.0,0.20058488845825195
QUIC_CONNECT1.pcap,172.16.0.53:54996->172.19.0.8:443,3,172.16.0.53,54996,172.19.0.8,443,3,3,0,3882,3882,0,1294.0,1294,1294,0.0,0.0,0.0,1294.0,1294,1294,0.0,0.0,0.0,0.0,0,0,0.0,0.0,0.0,0.1002650260925293,1.1920928955078125e-06,0.20052886009216309,0.10026383399963379,0.01005283640830612,0.1002650260925293,1.1920928955078125e-06,0.20052886009216309,0.10026383399963379,0.01005283640830612,0.0,0.0,0.0,0.0,0.0,0,3,0.0,1.0,0,0.0,1.0,3,0,0,0,0,1.0,0.0,0.0,0.0,0.0,0.0,0.0,0.2005300521850586
QUIC_CONNECT1.pcap,172.16.0.42:43030->172.19.0.8:443,3,172.16.0.42,43030,172.19.0.8,443,3,3,0,3882,3882,0,1294.0,1294,1294,0.0,0.0,0.0,1294.0,1294,1294,0.0,0.0,0.0,0.0,0,0,0.0,0.0,0.0,0.10053455829620361,0.0,0.20106911659240723,0.10053455829620361,0.010107197411812763,0.10053455829620361,0.0,0.20106911659240723,0.10053455829620361,0.010107197411812763,0.0,0.0,0.0,0.0,0.0,0,3,0.0,1.0,0,0.0,1.0,3,0,0,0,0,1.0,0.0,0.0,0.0,0.0,0.0,0.0,0.20106911659240723
QUIC_CONNECT1.pcap,172.16.0.42:57467->172.19.0.8:443,3,172.16.0.42,57467,172.19.0.8,443,3,3,0,3882,3882,0,1294.0,1294,1294,0.0,0.0,0.0,1294.0,1294,1294,0.0,0.0,0.0,0.0,0,0,0.0,0.0,0.0,0.10046398639678955,2.193450927734375e-05,0.20090603828430176,0.10044205188751221,0.010088605787373695,0.10046398639678955,2.193450927734375e-05,0.20090603828430176,0.10044205188751221,0.010088605787373695,0.0,0.0,0.0,0.0,0.0,0,3,0.0,1.0,0,0.0,1.0,3,0,0,0,0,1.0,0.0,0.0,0.0,0.0,0.0,0.0,0.2009279727935791
QUIC_CONNECT1.pcap,172.16.0.42:46813->172.19.0.8:443,3,172.16.0.42,46813,172.19.0.8,443,3,3,0,3882,3882,0,1294.0,1294,1294,0.0,0.0,0.0,1294.0,1294,1294,0.0,0.0,0.0,0.0,0,0,0.0,0.0,0.0,0.10037600994110107,0.0,0.20075201988220215,0.10037600994110107,0.010075343371696022,0.10037600994110107,0.0,0.20075201988220215,0.10037600994110107,0.010075343371696022,0.0,0.0,0.0,0.0,0.0,0,3,0.0,1.0,0,0.0,1.0,3,0,0,0,0,1.0,0.0,0.0,0.0,0.0,0.0,0.0,0.20075201988220215
QUIC_CONNECT1.pcap,172.16.0.59:48439->172.19.0.8:443,3,172.16.0.59,48439,172.19.0.8,443,3,3,0,3882,3882,0,1294.0,1294,1294,0.0,0.0,0.0,1294.0,1294,1294,0.0,0.0,0.0,0.0,0,0,0.0,0.0,0.0,0.10283291339874268,9.5367431640625e-07,0.20566487312316895,0.10283195972442627,0.010574411940766026,0.10283291339874268,9.5367431640625e-07,0.20566487312316895,0.10283195972442627,0.010574411940766026,0.0,0.0,0.0,0.0,0.0,0,3,0.0,1.0,0,0.0,1.0,3,0,0,0,0,1.0,0.0,0.0,0.0,0.0,0.0,0.0,0.20566582679748535
QUIC_CONNECT1.pcap,172.16.0.50:35029->172.19.0.8:443,3,172.16.0.50,35029,172.19.0.8,443,3,3,0,3882,3882,0,1294.0,1294,1294,0.0,0.0,0.0,1294.0,1294,1294,0.0,0.0,0.0,0.0,0,0,0.0,0.0,0.0,0.11159706115722656,0.0,0.22319412231445312,0.11159706115722656,0.012453904058929766,0.11159706115722656,0.0,0.22319412231445312,0.11159706115722656,0.012453904058929766,0.0,0.0,0.0,0.0,0.0,0,3,0.0,1.0,0,0.0,1.0,3,0,0,0,0,1.0,0.0,0.0,0.0,0.0,0.0,0.0,0.22319412231445312
QUIC_CONNECT1.pcap,172.16.0.50:50171->172.19.0.8:443,3,172.16.0.50,50171,172.19.0.8,443,3,3,0,3882,3882,0,1294.0,1294,1294,0.0,0.0,0.0,1294.0,1294,1294,0.0,0.0,0.0,0.0,0,0,0.0,0.0,0.0,0.11134552955627441,0.0,0.22269105911254883,0.11134552955627441,0.012397826952167179,0.11134552955627441,0.0,0.22269105911254883,0.11134552955627441,0.012397826952167179,0.0,0.0,0.0,0.0,0.0,0,3,0.0,1.0,0,0.0,1.0,3,0,0,0,0,1.0,0.0,0.0,0.0,0.0,0.0,0.0,0.22269105911254883
QUIC_CONNECT1.pcap,172.16.0.50:46613->172.19.0.8:443,3,172.16.0.50,46613,172.19.0.8,443,3,3,0,3882,3882,0,1294.0,1294,1294,0.0,0.0,0.0,1294.0,1294,1294,0.0,0.0,0.0,0.0,0,0,0.0,0.0,0.0,0.043741464614868164,0.0,0.08748292922973633,0.043741464614868164,0.0019133157266537637,0.043741464614868164,0.0,0.08748292922973633,0.043741464614868164,0.0019133157266537637,0.0,0.0,0.0,0.0,0.0,0,3,0.0,1.0,0,0.0,1.0,3,0,0,0,0,1.0,0.0,0.0,0.0,0.0,0.0,0.0,0.08748292922973633
QUIC_CONNECT1.pcap,172.16.0.44:46551->172.19.0.8:443,3,172.16.0.44,46551,172.19.0.8,443,3,3,0,3882,3882,0,1294.0,1294,1294,0.0,0.0,0.0,1294.0,1294,1294,0.0,0.0,0.0,0.0,0,0,0.0,0.0,0.0,0.1003340482711792,1.6927719116210938e-05,0.2006511688232422,0.10031712055206299,0.010063524675857138,0.1003340482711792,1.6927719116210938e-05,0.2006511688232422,0.10031712055206299,0.010063524675857138,0.0,0.0,0.0,0.0,0.0,0,3,0.0,1.0,0,0.0,1.0,3,0,0,0,0,1.0,0.0,0.0,0.0,0.0,0.0,0.0,0.2006680965423584
QUIC_CONNECT1.pcap,172.16.0.44:52295->172.19.0.8:443,3,172.16.0.44,52295,172.19.0.8,443,3,3,0,3882,3882,0,1294.0,1294,1294,0.0,0.0,0.0,1294.0,1294,1294,0.0,0.0,0.0,0.0,0,0,0.0,0.0,0.0,0.10012710094451904,1.1205673217773438e-05,0.2002429962158203,0.10011589527130127,0.010023192485974164,0.10012710094451904,1.1205673217773438e-05,0.2002429962158203,0.10011589527130127,0.010023192485974164,0.0,0.0,0.0,0.0,0.0,0,3,0.0,1.0,0,0.0,1.0,3,0,0,0,0,1.0,0.0,0.0,0.0,0.0,0.0,0.0,0.20025420188903809
QUIC_CONNECT1.pcap,172.16.0.44:56617->172.19.0.8:443,3,172.16.0.44,56617,172.19.0.8,443,3,3,0,3882,3882,0,1294.0,1294,1294,0.0,0.0,0.0,1294.0,1294,1294,0.0,0.0,0.0,0.0,0,0,0.0,0.0,0.0,0.10004699230194092,0.0,0.20009398460388184,0.10004699230194092,0.010009400668664625,0.10004699230194092,0.0,0.20009398460388184,0.10004699230194092,0.010009400668664625,0.0,0.0,0.0,0.0,0.0,0,3,0.0,1.0,0,0.0,1.0,3,0,0,0,0,1.0,0.0,0.0,0.0,0.0,0.0,0.0,0.20009398460388184
QUIC_CONNECT1.pcap,172.16.0.42:53452->172.19.0.8:443,3,172.16.0.42,53452,172.19.0.8,443,3,3,0,3882,3882,0,1294.0,1294,1294,0.0,0.0,0.0,1294.0,1294,1294,0.0,0.0,0.0,0.0,0,0,0.0,0.0,0.0,0.10027003288269043,0.0,0.20054006576538086,0.10027003288269043,0.01005407949429582,0.10027003288269043,0.0,0.20054006576538086,0.10027003288269043,0.01005407949429582,0.0,0.0,0.0,0.0,0.0,0,3,0.0,1.0,0,0.0,1.0,3,0,0,0,0,1.0,0.0,0.0,0.0,0.0,0.0,0.0,0.20054006576538086
QUIC_CONNECT1.pcap,172.16.0.46:35666->172.19.0.8:443,3,172.16.0.46,35666,172.19.0.8,443,3,3,0,3882,3882,0,1294.0,1294,1294,0.0,0.0,0.0,1294.0,1294,1294,0.0,0.0,0.0,0.0,0,0,0.0,0.0,0.0,0.10051155090332031,0.0,0.20102310180664062,0.10051155090332031,0.01010257186499075,0.10051155090332031,0.0,0.20102310180664062,0.10051155090332031,0.01010257186499075,0.0,0.0,0.0,0.0,0.0,0,3,0.0,1.0,0,0.0,1.0,3,0,0,0,0,1.0,0.0,0.0,0.0,0.0,0.0,0.0,0.20102310180664062
QUIC_CONNECT1.pcap,172.16.0.43:59041->172.19.0.8:443,3,172.16.0.43,59041,172.19.0.8,443,3,3,0,3882,3882,0,1294.0,1294,1294,0.0,0.0,0.0,1294.0,1294,1294,0.0,0.0,0.0,0.0,0,0,0.0,0.0,0.0,0.10030102729797363,0.0,0.20060205459594727,0.10030102729797363,0.010060296077028852,0.10030102729797363,0.0,0.20060205459594727,0.10030102729797363,0.010060296077028852,0.0,0.0,0.0,0.0,0.0,0,3,0.0,1.0,0,0.0,1.0,3,0,0,0,0,1.0,0.0,0.0,0.0,0.0,0.0,0.0,0.20060205459594727
QUIC_CONNECT1.pcap,172.16.0.33:33651->172.19.0.8:443,3,172.16.0.33,33651,172.19.0.8,443,3,3,0,3882,3882,0,1294.0,1294,1294,0.0,0.0,0.0,1294.0,1294,1294,0.0,0.0,0.0,0.0,0,0,0.0,0.0,0.0,0.10034000873565674,0.0001461505889892578,0.20053386688232422,0.10019385814666748,0.010038809210314525,0.10034000873565674,0.0001461505889892578,0.20053386688232422,0.10019385814666748,0.010038809210314525,0.0,0.0,0.0,0.0,0.0,0,3,0.0,1.0,0,0.0,1.0,3,0,0,0,0,1.0,0.0,0.0,0.0,0.0,0.0,0.0,0.20068001747131348
QUIC_CONNECT1.pcap,172.16.0.54:34074->172.19.0.8:443,3,172.16.0.54,34074,172.19.0.8,443,3,3,0,3882,3882,0,1294.0,1294,1294,0.0,0.0,0.0,1294.0,1294,1294,0.0,0.0,0.0,0.0,0,0,0.0,0.0,0.0,0.10052847862243652,0.0,0.20105695724487305,0.10052847862243652,0.010105975014141677,0.10052847862243652,0.0,0.20105695724487305,0.10052847862243652,0.010105975014141677,0.0,0.0,0.0,0.0,0.0,0,3,0.0,1.0,0,0.0,1.0,3,0,0,0,0,1.0,0.0,0.0,0.0,0.0,0.0,0.0,0.20105695724487305
QUIC_CONNECT1.pcap,172.16.0.62:59705->172.19.0.8:443,3,172.16.0.62,59705,172.19.0.8,443,3,3,0,3882,3882,0,1294.0,1294,1294,0.0,0.0,0.0,1294.0,1294,1294,0.0,0.0,0.0,0.0,0,0,0.0,0.0,0.0,0.12599551677703857,0.0,0.25199103355407715,0.12599551677703857,0.01587487024791301,0.12599551677703857,0.0,0.25199103355407715,0.12599551677703857,0.01587487024791301,0.0,0.0,0.0,0.0,0.0,0,3,0.0,1.0,0,0.0,1.0,3,0,0,0,0,1.0,0.0,0.0,0.0,0.0,0.0,0.0,0.25199103355407715
QUIC_CONNECT1.pcap,172.16.0.38:33448->172.19.0.8:443,3,172.16.0.38,33448,172.19.0.8,443,3,3,0,3882,3882,0,1294.0,1294,1294,0.0,0.0,0.0,1294.0,1294,1294,0.0,0.0,0.0,0.0,0,0,0.0,0.0,0.0,0.100211501121521,0.0,0.200423002243042,0.100211501121521,0.010042344957028604,0.100211501121521,0.0,0.200423002243042,0.100211501121521,0.010042344957028604,0.0,0.0,0.0,0.0,0.0,0,3,0.0,1.0,0,0.0,1.0,3,0,0,0,0,1.0,0.0,0.0,0.0,0.0,0.0,0.0,0.200423002243042
QUIC_CONNECT1.pcap,172.16.0.56:44188->172.19.0.8:443,3,172.16.0.56,44188,172.19.0.8,443,3,3,0,3882,3882,0,1294.0,1294,1294,0.0,0.0,0.0,1294.0,1294,1294,0.0,0.0,0.0,0.0,0,0,0.0,0.0,0.0,0.100211501121521,0.0,0.200423002243042,0.100211501121521,0.010042344957028604,0.100211501121521,0.0,0.200423002243042,0.100211501121521,0.010042344957028604,0.0,0.0,0.0,0.0,0.0,0,3,0.0,1.0,0,0.0,1.0,3,0,0,0,0,1.0,0.0,0.0,0.0,0.0,0.0,0.0,0.200423002243042
QUIC_CONNECT1.pcap,172.16.0.34:46579->172.19.0.8:443,3,172.16.0.34,46579,172.19.0.8,443,3,3,0,3882,3882,0,1294.0,1294,1294,0.0,0.0,0.0,1294.0,1294,1294,0.0,0.0,0.0,0.0,0,0,0.0,0.0,0.0,0.10028445720672607,4.982948303222656e-05,0.20051908493041992,0.10023462772369385,0.010046980594907495,0.10028445720672607,4.982948303222656e-05,0.20051908493041992,0.10023462772369385,0.010046980594907495,0.0,0.0,0.0,0.0,0.0,0,3,0.0,1.0,0,0.0,1.0,3,0,0,0,0,1.0,0.0,0.0,0.0,0.0,0.0,0.0,0.20056891441345215
QUIC_CONNECT1.pcap,172.16.0.44:36024->172.19.0.8:443,3,172.16.0.44,36024,172.19.0.8,443,3,3,0,3882,3882,0,1294.0,1294,1294,0.0,0.0,0.0,1294.0,1294,1294,0.0,0.0,0.0,0.0,0,0,0.0,0.0,0.0,0.10052800178527832,0.0,0.20105600357055664,0.10052800178527832,0.010105879142940921,0.10052800178527832,0.0,0.20105600357055664,0.10052800178527832,0.010105879142940921,0.0,0.0,0.0,0.0,0.0,0,3,0.0,1.0,0,0.0,1.0,3,0,0,0,0,1.0,0.0,0.0,0.0,0.0,0.0,0.0,0.20105600357055664
QUIC_CONNECT1.pcap,172.16.0.59:59196->172.19.0.8:443,3,172.16.0.59,59196,172.19.0.8,443,3,3,0,3882,3882,0,1294.0,1294,1294,0.0,0.0,0.0,1294.0,1294,1294,0.0,0.0,0.0,0.0,0,0,0.0,0.0,0.0,0.10069310665130615,0.0,0.2013862133026123,0.10069310665130615,0.010139101727091315,0.10069310665130615,0.0,0.2013862133026123,0.10069310665130615,0.010139101727091315,0.0,0.0,0.0,0.0,0.0,0,3,0.0,1.0,0,0.0,1.0,3,0,0,0,0,1.0,0.0,0.0,0.0,0.0,0.0,0.0,0.2013862133026123
QUIC_CONNECT1.pcap,172.16.0.36:42610->172.19.0.8:443,3,172.16.0.36,42610,172.19.0.8,443,3,3,0,3882,3882,0,1294.0,1294,1294,0.0,0.0,0.0,1294.0,1294,1294,0.0,0.0,0.0,0.0,0,0,0.0,0.0,0.0,0.10024499893188477,5.9604644775390625e-06,0.200484037399292,0.10023903846740723,0.010047864832870346,0.10024499893188477,5.9604644775390625e-06,0.200484037399292,0.10023903846740723,0.010047864832870346,0.0,0.0,0.0,0.0,0.0,0,3,0.0,1.0,0,0.0,1.0,3,0,0,0,0,1.0,0.0,0.0,0.0,0.0,0.0,0.0,0.20048999786376953
QUIC_CONNECT1.pcap,172.16.0.36:46832->172.19.0.8:443,3,172.16.0.36,46832,172.19.0.8,443,3,3,0,3882,3882,0,1294.0,1294,1294,0.0,0.0,0.0,1294.0,1294,1294,0.0,0.0,0.0,0.0,0,0,0.0,0.0,0.0,0.10019898414611816,3.504753112792969e-05,0.2003629207611084,0.10016393661499023,0.010032814198211781,0.10019898414611816,3.504753112792969e-05,0.2003629207611084,0.10016393661499023,0.010032814198211781,0.0,0.0,0.0,0.0,0.0,0,3,0.0,1.0,0,0.0,1.0,3,0,0,0,0,1.0,0.0,0.0,0.0,0.0,0.0,0.0,0.20039796829223633
QUIC_CONNECT1.pcap,172.16.0.36:46062->172.19.0.8:443,3,172.16.0.36,46062,172.19.0.8,443,3,3,0,3882,3882,0,1294.0,1294,1294,0.0,0.0,0.0,1294.0,1294,1294,0.0,0.0,0.0,0.0,0,0,0.0,0.0,0.0,0.09999001026153564,5.9604644775390625e-06,0.19997406005859375,0.0999840497970581,0.009996810213820595,0.09999001026153564,5.9604644775390625e-06,0.19997406005859375,0.0999840497970581,0.009996810213820595,0.0,0.0,0.0,0.0,0.0,0,3,0.0,1.0,0,0.0,1.0,3,0,0,0,0,1.0,0.0,0.0,0.0,0.0,0.0,0.0,0.1999800205230713
QUIC_CONNECT1.pcap,172.16.0.36:49183->172.19.0.8:443,3,172.16.0.36,49183,172.19.0.8,443,3,3,0,3882,3882,0,1294.0,1294,1294,0.0,0.0,0.0,1294.0,1294,1294,0.0,0.0,0.0,0.0,0,0,0.0,0.0,0.0,0.08424746990203857,0.0,0.16849493980407715,0.08424746990203857,0.0070976361848948955,0.08424746990203857,0.0,0.16849493980407715,0.08424746990203857,0.0070976361848948955,0.0,0.0,0.0,0.0,0.0,0,3,0.0,1.0,0,0.0,1.0,3,0,0,0,0,1.0,0.0,0.0,0.0,0.0,0.0,0.0,0.16849493980407715
QUIC_CONNECT1.pcap,172.16.0.48:36259->172.19.0.8:443,3,172.16.0.48,36259,172.19.0.8,443,3,3,0,3882,3882,0,1294.0,1294,1294,0.0,0.0,0.0,1294.0,1294,1294,0.0,0.0,0.0,0.0,0,0,0.0,0.0,0.0,0.10047101974487305,1.4066696166992188e-05,0.2009279727935791,0.10045695304870605,0.010091599415829933,0.10047101974487305,1.4066696166992188e-05,0.2009279727935791,0.10045695304870605,0.010091599415829933,0.0,0.0,0.0,0.0,0.0,0,3,0.0,1.0,0,0.0,1.0,3,0,0,0,0,1.0,0.0,0.0,0.0,0.0,0.0,0.0,0.2009420394897461
QUIC_CONNECT1.pcap,172.16.0.48:50111->172.19.0.8:443,3,172.16.0.48,50111,172.19.0.8,443,3,3,0,3882,3882,0,1294.0,1294,1294,0.0,0.0,0.0,1294.0,1294,1294,0.0,0.0,0.0,0.0,0,0,0.0,0.0,0.0,0.10035598278045654,8.106231689453125e-06,0.20070385932922363,0.10034787654876709,0.0100696963278466,0.10035598278045654,8.106231689453125e-06,0.20070385932922363,0.10034787654876709,0.0100696963278466,0.0,0.0,0.0,0.0,0.0,0,3,0.0,1.0,0,0.0,1.0,3,0,0,0,0,1.0,0.0,0.0,0.0,0.0,0.0,0.0,0.20071196556091309
QUIC_CONNECT1.pcap,172.16.0.48:32966->172.19.0.8:443,3,172.16.0.48,32966,172.19.0.8,443,3,3,0,3882,3882,0,1294.0,1294,1294,0.0,0.0,0.0,1294.0,1294,1294,0.0,0.0,0.0,0.0,0,0,0.0,0.0,0.0,0.10027706623077393,0.0,0.20055413246154785,0.10027706623077393,0.01005549001185102,0.10027706623077393,0.0,0.20055413246154785,0.10027706623077393,0.01005549001185102,0.0,0.0,0.0,0.0,0.0,0,3,0.0,1.0,0,0.0,1.0,3,0,0,0,0,1.0,0.0,0.0,0.0,0.0,0.0,0.0,0.20055413246154785
QUIC_CONNECT1.pcap,172.16.0.53:60269->172.19.0.8:443,3,172.16.0.53,60269,172.19.0.8,443,3,3,0,3882,3882,0,1294.0,1294,1294,0.0,0.0,0.0,1294.0,1294,1294,0.0,0.0,0.0,0.0,0,0,0.0,0.0,0.0,0.10025691986083984,0.0,0.2005138397216797,0.10025691986083984,0.010051449979982863,0.10025691986083984,0.0,0.2005138397216797,0.10025691986083984,0.010051449979982863,0.0,0.0,0.0,0.0,0.0,0,3,0.0,1.0,0,0.0,1.0,3,0,0,0,0,1.0,0.0,0.0,0.0,0.0,0.0,0.0,0.2005138397216797
QUIC_CONNECT1.pcap,172.16.0.40:44395->172.19.0.8:443,3,172.16.0.40,44395,172.19.0.8,443,3,3,0,3882,3882,0,1294.0,1294,1294,0.0,0.0,0.0,1294.0,1294,1294,0.0,0.0,0.0,0.0,0,0,0.0,0.0,0.0,0.09992098808288574,0.0,0.19984197616577148,0.09992098808288574,0.009984203859460195,0.09992098808288574,0.0,0.19984197616577148,0.09992098808288574,0.009984203859460195,0.0,0.0,0.0,0.0,0.0,0,3,0.0,1.0,0,0.0,1.0,3,0,0,0,0,1.0,0.0,0.0,0.0,0.0,0.0,0.0,0.19984197616577148
QUIC_CONNECT1.pcap,172.16.0.40:54514->172.19.0.8:443,3,172.16.0.40,54514,172.19.0.8,443,3,3,0,3882,3882,0,1294.0,1294,1294,0.0,0.0,0.0,1294.0,1294,1294,0.0,0.0,0.0,0.0,0,0,0.0,0.0,0.0,0.09994995594024658,0.0,0.19989991188049316,0.09994995594024658,0.009989993692457233,0.09994995594024658,0.0,0.19989991188049316,0.09994995594024658,0.009989993692457233,0.0,0.0,0.0,0.0,0.0,0,3,0.0,1.0,0,0.0,1.0,3,0,0,0,0,1.0,0.0,0.0,0.0,0.0,0.0,0.0,0.19989991188049316
QUIC_CONNECT1.pcap,172.16.0.40:45204->172.19.0.8:443,3,172.16.0.40,45204,172.19.0.8,443,3,3,0,3882,3882,0,1294.0,1294,1294,0.0,0.0,0.0,1294.0,1294,1294,0.0,0.0,0.0,0.0,0,0,0.0,0.0,0.0,0.09999299049377441,2.5033950805664062e-05,0.19996094703674316,0.09996795654296875,0.009993592335376889,0.09999299049377441,2.5033950805664062e-05,0.19996094703674316,0.09996795654296875,0.009993592335376889,0.0,0.0,0.0,0.0,0.0,0,3,0.0,1.0,0,0.0,1.0,3,0,0,0,0,1.0,0.0,0.0,0.0,0.0,0.0,0.0,0.19998598098754883
QUIC_CONNECT1.pcap,172.16.0.40:53074->172.19.0.8:443,3,172.16.0.40,53074,172.19.0.8,443,3,3,0,3882,3882,0,1294.0,1294,1294,0.0,0.0,0.0,1294.0,1294,1294,0.0,0.0,0.0,0.0,0,0,0.0,0.0,0.0,0.10036695003509521,0.0,0.20073390007019043,0.10036695003509521,0.0100735246593473,0.10036695003509521,0.0,0.20073390007019043,0.10036695003509521,0.0100735246593473,0.0,0.0,0.0,0.0,0.0,0,3,0.0,1.0,0,0.0,1.0,3,0,0,0,0,1.0,0.0,0.0,0.0,0.0,0.0,0.0,0.20073390007019043
QUIC_CONNECT1.pcap,172.16.0.31:35752->172.19.0.8:443,3,172.16.0.31,35752,172.19.0.8,443,3,3,0,3882,3882,0,1294.0,1294,1294,0.0,0.0,0.0,1294.0,1294,1294,0.0,0.0,0.0,0.0,0,0,0.0,0.0,0.0,0.1000739336013794,2.09808349609375e-05,0.20012688636779785,0.10005295276641846,0.010010593357279163,0.1000739336013794,2.09808349609375e-05,0.20012688636779785,0.10005295276641846,0.010010593357279163,0.0,0.0,0.0,0.0,0.0,0,3,0.0,1.0,0,0.0,1.0,3,0,0,0,0,1.0,0.0,0.0,0.0,0.0,0.0,0.0,0.2001478672027588
QUIC_CONNECT1.pcap,172.16.0.31:48859->172.19.0.8:443,3,172.16.0.31,48859,172.19.0.8,443,3,3,0,3882,3882,0,1294.0,1294,1294,0.0,0.0,0.0,1294.0,1294,1294,0.0,0.0,0.0,0.0,0,0,0.0,0.0,0.0,0.1000514030456543,0.0,0.2001028060913086,0.1000514030456543,0.010010283251403962,0.1000514030456543,0.0,0.2001028060913086,0.1000514030456543,0.010010283251403962,0.0,0.0,0.0,0.0,0.0,0,3,0.0,1.0,0,0.0,1.0,3,0,0,0,0,1.0,0.0,0.0,0.0,0.0,0.0,0.0,0.2001028060913086
QUIC_CONNECT1.pcap,172.16.0.31:41560->172.19.0.8:443,3,172.16.0.31,41560,172.19.0.8,443,3,3,0,3882,3882,0,1294.0,1294,1294,0.0,0.0,0.0,1294.0,1294,1294,0.0,0.0,0.0,0.0,0,0,0.0,0.0,0.0,0.07284855842590332,0.0,0.14569711685180664,0.07284855842590332,0.00530691246473225,0.07284855842590332,0.0,0.14569711685180664,0.07284855842590332,0.00530691246473225,0.0,0.0,0.0,0.0,0.0,0,3,0.0,1.0,0,0.0,1.0,3,0,0,0,0,1.0,0.0,0.0,0.0,0.0,0.0,0.0,0.14569711685180664
QUIC_CONNECT1.pcap,172.16.0.50:48681->172.19.0.8:443,3,172.16.0.50,48681,172.19.0.8,443,3,3,0,3882,3882,0,1294.0,1294,1294,0.0,0.0,0.0,1294.0,1294,1294,0.0,0.0,0.0,0.0,0,0,0.0,0.0,0.0,0.06222796440124512,0.0,0.12445592880249023,0.06222796440124512,0.0038723195535226296,0.06222796440124512,0.0,0.12445592880249023,0.06222796440124512,0.0038723195535226296,0.0,0.0,0.0,0.0,0.0,0,3,0.0,1.0,0,0.0,1.0,3,0,0,0,0,1.0,0.0,0.0,0.0,0.0,0.0,0.0,0.12445592880249023
QUIC_CONNECT1.pcap,172.16.0.49:41721->172.19.0.8:443,3,172.16.0.49,41721,172.19.0.8,443,3,3,0,3882,3882,0,1294.0,1294,1294,0.0,0.0,0.0,1294.0,1294,1294,0.0,0.0,0.0,0.0,0,0,0.0,0.0,0.0,0.10043454170227051,0.0,0.20086908340454102,0.10043454170227051,0.010087097166945114,0.10043454170227051,0.0,0.20086908340454102,0.10043454170227051,0.010087097166945114,0.0,0.0,0.0,0.0,0.0,0,3,0.0,1.0,0,0.0,1.0,3,0,0,0,0,1.0,0.0,0.0,0.0,0.0,0.0,0.0,0.20086908340454102
QUIC_CONNECT1.pcap,172.16.0.49:41140->172.19.0.8:443,3,172.16.0.49,41140,172.19.0.8,443,3,3,0,3882,3882,0,1294.0,1294,1294,0.0,0.0,0.0,1294.0,1294,1294,0.0,0.0,0.0,0.0,0,0,0.0,0.0,0.0,0.05745089054107666,0.0,0.11490178108215332,0.05745089054107666,0.0033006048239627717,0.05745089054107666,0.0,0.11490178108215332,0.05745089054107666,0.0033006048239627717,0.0,0.0,0.0,0.0,0.0,0,3,0.0,1.0,0,0.0,1.0,3,0,0,0,0,1.0,0.0,0.0,0.0,0.0,0.0,0.0,0.11490178108215332
QUIC_CONNECT1.pcap,172.16.0.39:42676->172.19.0.8:443,3,172.16.0.39,42676,172.19.0.8,443,3,3,0,3882,3882,0,1294.0,1294,1294,0.0,0.0,0.0,1294.0,1294,1294,0.0,0.0,0.0,0.0,0,0,0.0,0.0,0.0,0.09939897060394287,0.0,0.19879794120788574,0.09939897060394287,0.009880155357123499,0.09939897060394287,0.0,0.19879794120788574,0.09939897060394287,0.009880155357123499,0.0,0.0,0.0,0.0,0.0,0,3,0.0,1.0,0,0.0,1.0,3,0,0,0,0,1.0,0.0,0.0,0.0,0.0,0.0,0.0,0.19879794120788574
QUIC_CONNECT1.pcap,172.16.0.52:40114->172.19.0.8:443,3,172.16.0.52,40114,172.19.0.8,443,3,3,0,3882,3882,0,1294.0,1294,1294,0.0,0.0,0.0,1294.0,1294,1294,0.0,0.0,0.0,0.0,0,0,0.0,0.0,0.0,0.0841524600982666,0.0,0.1683049201965332,0.0841524600982666,0.0070816365405903525,0.0841524600982666,0.0,0.1683049201965332,0.0841524600982666,0.0070816365405903525,0.0,0.0,0.0,0.0,0.0,0,3,0.0,1.0,0,0.0,1.0,3,0,0,0,0,1.0,0.0,0.0,0.0,0.0,0.0,0.0,0.1683049201965332
QUIC_CONNECT1.pcap,172.16.0.49:53124->172.19.0.8:443,3,172.16.0.49,53124,172.19.0.8,443,3,3,0,3882,3882,0,1294.0,1294,1294,0.0,0.0,0.0,1294.0,1294,1294,0.0,0.0,0.0,0.0,0,0,0.0,0.0,0.0,0.0836249589920044,5.9604644775390625e-06,0.16724395751953125,0.08361899852752686,0.006992136914746538,0.0836249589920044,5.9604644775390625e-06,0.16724395751953125,0.08361899852752686,0.006992136914746538,0.0,0.0,0.0,0.0,0.0,0,3,0.0,1.0,0,0.0,1.0,3,0,0,0,0,1.0,0.0,0.0,0.0,0.0,0.0,0.0,0.1672499179840088
QUIC_CONNECT1.pcap,172.16.0.49:42966->172.19.0.8:443,3,172.16.0.49,42966,172.19.0.8,443,3,3,0,3882,3882,0,1294.0,1294,1294,0.0,0.0,0.0,1294.0,1294,1294,0.0,0.0,0.0,0.0,0,0,0.0,0.0,0.0,0.08358645439147949,0.0,0.16717290878295898,0.08358645439147949,0.006986695357738881,0.08358645439147949,0.0,0.16717290878295898,0.08358645439147949,0.006986695357738881,0.0,0.0,0.0,0.0,0.0,0,3,0.0,1.0,0,0.0,1.0,3,0,0,0,0,1.0,0.0,0.0,0.0,0.0,0.0,0.0,0.16717290878295898
QUIC_CONNECT1.pcap,172.16.0.37:37778->172.19.0.8:443,3,172.16.0.37,37778,172.19.0.8,443,3,3,0,3882,3882,0,1294.0,1294,1294,0.0,0.0,0.0,1294.0,1294,1294,0.0,0.0,0.0,0.0,0,0,0.0,0.0,0.0,0.09298050403594971,4.410743713378906e-05,0.18591690063476562,0.09293639659881592,0.008637173812772403,0.09298050403594971,4.410743713378906e-05,0.18591690063476562,0.09293639659881592,0.008637173812772403,0.0,0.0,0.0,0.0,0.0,0,3,0.0,1.0,0,0.0,1.0,3,0,0,0,0,1.0,0.0,0.0,0.0,0.0,0.0,0.0,0.18596100807189941
QUIC_CONNECT1.pcap,172.16.0.37:60282->172.19.0.8:443,3,172.16.0.37,60282,172.19.0.8,443,3,3,0,3882,3882,0,1294.0,1294,1294,0.0,0.0,0.0,1294.0,1294,1294,0.0,0.0,0.0,0.0,0,0,0.0,0.0,0.0,0.10013151168823242,8.106231689453125e-06,0.2002549171447754,0.10012340545654297,0.010024696320215298,0.10013151168823242,8.106231689453125e-06,0.2002549171447754,0.10012340545654297,0.010024696320215298,0.0,0.0,0.0,0.0,0.0,0,3,0.0,1.0,0,0.0,1.0,3,0,0,0,0,1.0,0.0,0.0,0.0,0.0,0.0,0.0,0.20026302337646484
QUIC_CONNECT1.pcap,172.16.0.37:59593->172.19.0.8:443,3,172.16.0.37,59593,172.19.0.8,443,3,3,0,3882,3882,0,1294.0,1294,1294,0.0,0.0,0.0,1294.0,1294,1294,0.0,0.0,0.0,0.0,0,0,0.0,0.0,0.0,0.10009896755218506,9.5367431640625e-07,0.2001969814300537,0.10009801387786865,0.010019612382293985,0.10009896755218506,9.5367431640625e-07,0.2001969814300537,0.10009801387786865,0.010019612382293985,0.0,0.0,0.0,0.0,0.0,0,3,0.0,1.0,0,0.0,1.0,3,0,0,0,0,1.0,0.0,0.0,0.0,0.0,0.0,0.0,0.20019793510437012
QUIC_CONNECT1.pcap,172.16.0.52:51359->172.19.0.8:443,3,172.16.0.52,51359,172.19.0.8,443,3,3,0,3882,3882,0,1294.0,1294,1294,0.0,0.0,0.0,1294.0,1294,1294,0.0,0.0,0.0,0.0,0,0,0.0,0.0,0.0,0.06210649013519287,0.0,0.12421298027038574,0.06210649013519287,0.0038572161169128094,0.06210649013519287,0.0,0.12421298027038574,0.06210649013519287,0.0038572161169128094,0.0,0.0,0.0,0.0,0.0,0,3,0.0,1.0,0,0.0,1.0,3,0,0,0,0,1.0,0.0,0.0,0.0,0.0,0.0,0.0,0.12421298027038574
QUIC_CONNECT1.pcap,172.16.0.52:34477->172.19.0.8:443,3,172.16.0.52,34477,172.19.0.8,443,3,3,0,3882,3882,0,1294.0,1294,1294,0.0,0.0,0.0,1294.0,1294,1294,0.0,0.0,0.0,0.0,0,0,0.0,0.0,0.0,0.06210649013519287,0.0,0.12421298027038574,0.06210649013519287,0.0038572161169128094,0.06210649013519287,0.0,0.12421298027038574,0.06210649013519287,0.0038572161169128094,0.0,0.0,0.0,0.0,0.0,0,3,0.0,1.0,0,0.0,1.0,3,0,0,0,0,1.0,0.0,0.0,0.0,0.0,0.0,0.0,0.12421298027038574
QUIC_CONNECT1.pcap,172.16.0.52:58127->172.19.0.8:443,3,172.16.0.52,58127,172.19.0.8,443,3,3,0,3882,3882,0,1294.0,1294,1294,0.0,0.0,0.0,1294.0,1294,1294,0.0,0.0,0.0,0.0,0,0,0.0,0.0,0.0,0.06246352195739746,0.0,0.12492704391479492,0.06246352195739746,0.0039016915753222747,0.06246352195739746,0.0,0.12492704391479492,0.06246352195739746,0.0039016915753222747,0.0,0.0,0.0,0.0,0.0,0,3,0.0,1.0,0,0.0,1.0,3,0,0,0,0,1.0,0.0,0.0,0.0,0.0,0.0,0.0,0.12492704391479492
QUIC_CONNECT1.pcap,172.16.0.47:36353->172.19.0.8:443,3,172.16.0.47,36353,172.19.0.8,443,3,3,0,3882,3882,0,1294.0,1294,1294,0.0,0.0,0.0,1294.0,1294,1294,0.0,0.0,0.0,0.0,0,0,0.0,0.0,0.0,0.10052096843719482,0.0,0.20104193687438965,0.10052096843719482,0.010104465095551518,0.10052096843719482,0.0,0.20104193687438965,0.10052096843719482,0.010104465095551518,0.0,0.0,0.0,0.0,0.0,0,3,0.0,1.0,0,0.0,1.0,3,0,0,0,0,1.0,0.0,0.0,0.0,0.0,0.0,0.0,0.20104193687438965
QUIC_CONNECT1.pcap,172.16.0.32:40988->172.19.0.8:443,3,172.16.0.32,40988,172.19.0.8,443,3,3,0,3882,3882,0,1294.0,1294,1294,0.0,0.0,0.0,1294.0,1294,1294,0.0,0.0,0.0,0.0,0,0,0.0,0.0,0.0,0.06546998023986816,0.0,0.13093996047973633,0.06546998023986816,0.004286318312608728,0.06546998023986816,0.0,0.13093996047973633,0.06546998023986816,0.004286318312608728,0.0,0.0,0.0,0.0,0.0,0,3,0.0,1.0,0,0.0,1.0,3,0,0,0,0,1.0,0.0,0.0,0.0,0.0,0.0,0.0,0.13093996047973633
QUIC_CONNECT1.pcap,172.16.0.32:55566->172.19.0.8:443,3,172.16.0.32,55566,172.19.0.8,443,3,3,0,3882,3882,0,1294.0,1294,1294,0.0,0.0,0.0,1294.0,1294,1294,0.0,0.0,0.0,0.0,0,0,0.0,0.0,0.0,0.06543397903442383,0.0,0.13086795806884766,0.06543397903442383,0.004281605612277417,0.06543397903442383,0.0,0.13086795806884766,0.06543397903442383,0.004281605612277417,0.0,0.0,0.0,0.0,0.0,0,3,0.0,1.0,0,0.0,1.0,3,0,0,0,0,1.0,0.0,0.0,0.0,0.0,0.0,0.0,0.13086795806884766
QUIC_CONNECT1.pcap,172.16.0.41:55424->172.19.0.8:443,3,172.16.0.41,55424,172.19.0.8,443,3,3,0,3882,3882,0,1294.0,1294,1294,0.0,0.0,0.0,1294.0,1294,1294,0.0,0.0,0.0,0.0,0,0,0.0,0.0,0.0,0.10030853748321533,0.0,0.20061707496643066,0.10030853748321533,0.010061802692021615,0.10030853748321533,0.0,0.20061707496643066,0.10030853748321533,0.010061802692021615,0.0,0.0,0.0,0.0,0.0,0,3,0.0,1.0,0,0.0,1.0,3,0,0,0,0,1.0,0.0,0.0,0.0,0.0,0.0,0.0,0.20061707496643066
QUIC_CONNECT1.pcap,172.16.0.41:45662->172.19.0.8:443,3,172.16.0.41,45662,172.19.0.8,443,3,3,0,3882,3882,0,1294.0,1294,1294,0.0,0.0,0.0,1294.0,1294,1294,0.0,0.0,0.0,0.0,0,0,0.0,0.0,0.0,0.10013699531555176,0.0,0.20027399063110352,0.10013699531555176,0.010027417830826835,0.10013699531555176,0.0,0.20027399063110352,0.10013699531555176,0.010027417830826835,0.0,0.0,0.0,0.0,0.0,0,3,0.0,1.0,0,0.0,1.0,3,0,0,0,0,1.0,0.0,0.0,0.0,0.0,0.0,0.0,0.20027399063110352
QUIC_CONNECT1.pcap,172.16.0.41:45855->172.19.0.8:443,3,172.16.0.41,45855,172.19.0.8,443,3,3,0,3882,3882,0,1294.0,1294,1294,0.0,0.0,0.0,1294.0,1294,1294,0.0,0.0,0.0,0.0,0,0,0.0,0.0,0.0,0.05092799663543701,0.0,0.10185599327087402,0.05092799663543701,0.0025936608412990836,0.05092799663543701,0.0,0.10185599327087402,0.05092799663543701,0.0025936608412990836,0.0,0.0,0.0,0.0,0.0,0,3,0.0,1.0,0,0.0,1.0,3,0,0,0,0,1.0,0.0,0.0,0.0,0.0,0.0,0.0,0.10185599327087402
QUIC_CONNECT1.pcap,172.16.0.48:45801->172.19.0.8:443,3,172.16.0.48,45801,172.19.0.8,443,3,3,0,3882,3882,0,1294.0,1294,1294,0.0,0.0,0.0,1294.0,1294,1294,0.0,0.0,0.0,0.0,0,0,0.0,0.0,0.0,0.10025906562805176,0.0,0.20051813125610352,0.10025906562805176,0.01005188024060999,0.10025906562805176,0.0,0.20051813125610352,0.10025906562805176,0.01005188024060999,0.0,0.0,0.0,0.0,0.0,0,3,0.0,1.0,0,0.0,1.0,3,0,0,0,0,1.0,0.0,0.0,0.0,0.0,0.0,0.0,0.20051813125610352
QUIC_CONNECT1.pcap,172.16.0.41:47524->172.19.0.8:443,3,172.16.0.41,47524,172.19.0.8,443,3,3,0,3882,3882,0,1294.0,1294,1294,0.0,0.0,0.0,1294.0,1294,1294,0.0,0.0,0.0,0.0,0,0,0.0,0.0,0.0,0.10016345977783203,0.0,0.20032691955566406,0.10016345977783203,0.010032718674665375,0.10016345977783203,0.0,0.20032691955566406,0.10016345977783203,0.010032718674665375,0.0,0.0,0.0,0.0,0.0,0,3,0.0,1.0,0,0.0,1.0,3,0,0,0,0,1.0,0.0,0.0,0.0,0.0,0.0,0.0,0.20032691955566406
QUIC_CONNECT1.pcap,172.16.0.32:50896->172.19.0.8:443,3,172.16.0.32,50896,172.19.0.8,443,3,3,0,3882,3882,0,1294.0,1294,1294,0.0,0.0,0.0,1294.0,1294,1294,0.0,0.0,0.0,0.0,0,0,0.0,0.0,0.0,0.07052946090698242,0.0,0.14105892181396484,0.07052946090698242,0.004974404855829562,0.07052946090698242,0.0,0.14105892181396484,0.07052946090698242,0.004974404855829562,0.0,0.0,0.0,0.0,0.0,0,3,0.0,1.0,0,0.0,1.0,3,0,0,0,0,1.0,0.0,0.0,0.0,0.0,0.0,0.0,0.14105892181396484
QUIC_CONNECT1.pcap,172.16.0.32:45272->172.19.0.8:443,3,172.16.0.32,45272,172.19.0.8,443,3,3,0,3882,3882,0,1294.0,1294,1294,0.0,0.0,0.0,1294.0,1294,1294,0.0,0.0,0.0,0.0,0,0,0.0,0.0,0.0,0.029158473014831543,1.811981201171875e-05,0.05829882621765137,0.029140353202819824,0.0008491601847850916,0.029158473014831543,1.811981201171875e-05,0.05829882621765137,0.029140353202819824,0.0008491601847850916,0.0,0.0,0.0,0.0,0.0,0,3,0.0,1.0,0,0.0,1.0,3,0,0,0,0,1.0,0.0,0.0,0.0,0.0,0.0,0.0,0.058316946029663086
QUIC_CONNECT1.pcap,172.16.0.31:43865->172.19.0.8:443,3,172.16.0.31,43865,172.19.0.8,443,3,3,0,3882,3882,0,1294.0,1294,1294,0.0,0.0,0.0,1294.0,1294,1294,0.0,0.0,0.0,0.0,0,0,0.0,0.0,0.0,0.10038948059082031,6.9141387939453125e-06,0.20077204704284668,0.10038256645202637,0.01007665964749549,0.10038948059082031,6.9141387939453125e-06,0.20077204704284668,0.10038256645202637,0.01007665964749549,0.0,0.0,0.0,0.0,0.0,0,3,0.0,1.0,0,0.0,1.0,3,0,0,0,0,1.0,0.0,0.0,0.0,0.0,0.0,0.0,0.20077896118164062
QUIC_CONNECT1.pcap,172.16.0.37:60106->172.19.0.8:443,3,172.16.0.37,60106,172.19.0.8,443,3,3,0,3882,3882,0,1294.0,1294,1294,0.0,0.0,0.0,1294.0,1294,1294,0.0,0.0,0.0,0.0,0,0,0.0,0.0,0.0,0.10052096843719482,0.0,0.20104193687438965,0.10052096843719482,0.010104465095551518,0.10052096843719482,0.0,0.20104193687438965,0.10052096843719482,0.010104465095551518,0.0,0.0,0.0,0.0,0.0,0,3,0.0,1.0,0,0.0,1.0,3,0,0,0,0,1.0,0.0,0.0,0.0,0.0,0.0,0.0,0.20104193687438965
QUIC_CONNECT1.pcap,172.16.0.45:59571->172.19.0.8:443,3,172.16.0.45,59571,172.19.0.8,443,3,3,0,3882,3882,0,1294.0,1294,1294,0.0,0.0,0.0,1294.0,1294,1294,0.0,0.0,0.0,0.0,0,0,0.0,0.0,0.0,0.0767829418182373,0.0,0.1535658836364746,0.0767829418182373,0.005895620154262815,0.0767829418182373,0.0,0.1535658836364746,0.0767829418182373,0.005895620154262815,0.0,0.0,0.0,0.0,0.0,0,3,0.0,1.0,0,0.0,1.0,3,0,0,0,0,1.0,0.0,0.0,0.0,0.0,0.0,0.0,0.1535658836364746
QUIC_CONNECT1.pcap,172.16.0.45:52422->172.19.0.8:443,3,172.16.0.45,52422,172.19.0.8,443,3,3,0,3882,3882,0,1294.0,1294,1294,0.0,0.0,0.0,1294.0,1294,1294,0.0,0.0,0.0,0.0,0,0,0.0,0.0,0.0,0.08292853832244873,0.0,0.16585707664489746,0.08292853832244873,0.006877142468297848,0.08292853832244873,0.0,0.16585707664489746,0.08292853832244873,0.006877142468297848,0.0,0.0,0.0,0.0,0.0,0,3,0.0,1.0,0,0.0,1.0,3,0,0,0,0,1.0,0.0,0.0,0.0,0.0,0.0,0.0,0.16585707664489746
QUIC_CONNECT1.pcap,172.16.0.45:50822->172.19.0.8:443,3,172.16.0.45,50822,172.19.0.8,443,3,3,0,3882,3882,0,1294.0,1294,1294,0.0,0.0,0.0,1294.0,1294,1294,0.0,0.0,0.0,0.0,0,0,0.0,0.0,0.0,0.14601445198059082,0.0,0.29202890396118164,0.14601445198059082,0.021320220187192263,0.14601445198059082,0.0,0.29202890396118164,0.14601445198059082,0.021320220187192263,0.0,0.0,0.0,0.0,0.0,0,3,0.0,1.0,0,0.0,1.0,3,0,0,0,0,1.0,0.0,0.0,0.0,0.0,0.0,0.0,0.29202890396118164
QUIC_CONNECT1.pcap,172.16.0.45:57072->172.19.0.8:443,3,172.16.0.45,57072,172.19.0.8,443,3,3,0,3882,3882,0,1294.0,1294,1294,0.0,0.0,0.0,1294.0,1294,1294,0.0,0.0,0.0,0.0,0,0,0.0,0.0,0.0,0.14608943462371826,0.0,0.2921788692474365,0.14608943462371826,0.021342122908677652,0.14608943462371826,0.0,0.2921788692474365,0.14608943462371826,0.021342122908677652,0.0,0.0,0.0,0.0,0.0,0,3,0.0,1.0,0,0.0,1.0,3,0,0,0,0,1.0,0.0,0.0,0.0,0.0,0.0,0.0,0.2921788692474365
QUIC_CONNECT1.pcap,172.16.0.61:38482->172.19.0.8:443,3,172.16.0.61,38482,172.19.0.8,443,3,3,0,3882,3882,0,1294.0,1294,1294,0.0,0.0,0.0,1294.0,1294,1294,0.0,0.0,0.0,0.0,0,0,0.0,0.0,0.0,0.07729554176330566,0.0,0.15459108352661133,0.07729554176330566,0.00597460077648293,0.07729554176330566,0.0,0.15459108352661133,0.07729554176330566,0.00597460077648293,0.0,0.0,0.0,0.0,0.0,0,3,0.0,1.0,0,0.0,1.0,3,0,0,0,0,1.0,0.0,0.0,0.0,0.0,0.0,0.0,0.15459108352661133
QUIC_CONNECT1.pcap,172.16.0.61:41880->172.19.0.8:443,3,172.16.0.61,41880,172.19.0.8,443,3,3,0,3882,3882,0,1294.0,1294,1294,0.0,0.0,0.0,1294.0,1294,1294,0.0,0.0,0.0,0.0,0,0,0.0,0.0,0.0,0.10049247741699219,0.0,0.20098495483398438,0.10049247741699219,0.010098738017404685,0.10049247741699219,0.0,0.20098495483398438,0.10049247741699219,0.010098738017404685,0.0,0.0,0.0,0.0,0.0,0,3,0.0,1.0,0,0.0,1.0,3,0,0,0,0,1.0,0.0,0.0,0.0,0.0,0.0,0.0,0.20098495483398438
QUIC_CONNECT1.pcap,172.16.0.61:34417->172.19.0.8:443,3,172.16.0.61,34417,172.19.0.8,443,3,3,0,3882,3882,0,1294.0,1294,1294,0.0,0.0,0.0,1294.0,1294,1294,0.0,0.0,0.0,0.0,0,0,0.0,0.0,0.0,0.10055744647979736,0.0,0.20111489295959473,0.10055744647979736,0.010111800042537311,0.10055744647979736,0.0,0.20111489295959473,0.10055744647979736,0.010111800042537311,0.0,0.0,0.0,0.0,0.0,0,3,0.0,1.0,0,0.0,1.0,3,0,0,0,0,1.0,0.0,0.0,0.0,0.0,0.0,0.0,0.20111489295959473
QUIC_CONNECT1.pcap,172.16.0.61:58394->172.19.0.8:443,3,172.16.0.61,58394,172.19.0.8,443,3,3,0,3882,3882,0,1294.0,1294,1294,0.0,0.0,0.0,1294.0,1294,1294,0.0,0.0,0.0,0.0,0,0,0.0,0.0,0.0,0.10040199756622314,0.0,0.2008039951324463,0.10040199756622314,0.010080561115287878,0.10040199756622314,0.0,0.2008039951324463,0.10040199756622314,0.010080561115287878,0.0,0.0,0.0,0.0,0.0,0,3,0.0,1.0,0,0.0,1.0,3,0,0,0,0,1.0,0.0,0.0,0.0,0.0,0.0,0.0,0.2008039951324463
QUIC_CONNECT1.pcap,172.16.0.57:37764->172.19.0.8:443,3,172.16.0.57,37764,172.19.0.8,443,3,3,0,3882,3882,0,1294.0,1294,1294,0.0,0.0,0.0,1294.0,1294,1294,0.0,0.0,0.0,0.0,0,0,0.0,0.0,0.0,0.0807875394821167,0.0,0.1615750789642334,0.0807875394821167,0.0065266265355745645,0.0807875394821167,0.0,0.1615750789642334,0.0807875394821167,0.0065266265355745645,0.0,0.0,0.0,0.0,0.0,0,3,0.0,1.0,0,0.0,1.0,3,0,0,0,0,1.0,0.0,0.0,0.0,0.0,0.0,0.0,0.1615750789642334
QUIC_CONNECT1.pcap,172.16.0.57:33550->172.19.0.8:443,3,172.16.0.57,33550,172.19.0.8,443,3,3,0,3882,3882,0,1294.0,1294,1294,0.0,0.0,0.0,1294.0,1294,1294,0.0,0.0,0.0,0.0,0,0,0.0,0.0,0.0,0.10048198699951172,1.0967254638671875e-05,0.20095300674438477,0.10047101974487305,0.01009442580857467,0.10048198699951172,1.0967254638671875e-05,0.20095300674438477,0.10047101974487305,0.01009442580857467,0.0,0.0,0.0,0.0,0.0,0,3,0.0,1.0,0,0.0,1.0,3,0,0,0,0,1.0,0.0,0.0,0.0,0.0,0.0,0.0,0.20096397399902344
QUIC_CONNECT1.pcap,172.16.0.57:38332->172.19.0.8:443,3,172.16.0.57,38332,172.19.0.8,443,3,3,0,3882,3882,0,1294.0,1294,1294,0.0,0.0,0.0,1294.0,1294,1294,0.0,0.0,0.0,0.0,0,0,0.0,0.0,0.0,0.10045897960662842,0.0,0.20091795921325684,0.10045897960662842,0.010092006583604984,0.10045897960662842,0.0,0.20091795921325684,0.10045897960662842,0.010092006583604984,0.0,0.0,0.0,0.0,0.0,0,3,0.0,1.0,0,0.0,1.0,3,0,0,0,0,1.0,0.0,0.0,0.0,0.0,0.0,0.0,0.20091795921325684
QUIC_CONNECT1.pcap,172.16.0.57:58653->172.19.0.8:443,3,172.16.0.57,58653,172.19.0.8,443,3,3,0,3882,3882,0,1294.0,1294,1294,0.0,0.0,0.0,1294.0,1294,1294,0.0,0.0,0.0,0.0,0,0,0.0,0.0,0.0,0.0807340145111084,8.821487426757812e-06,0.16145920753479004,0.08072519302368164,0.006516556788710659,0.0807340145111084,8.821487426757812e-06,0.16145920753479004,0.08072519302368164,0.006516556788710659,0.0,0.0,0.0,0.0,0.0,0,3,0.0,1.0,0,0.0,1.0,3,0,0,0,0,1.0,0.0,0.0,0.0,0.0,0.0,0.0,0.1614680290222168
QUIC_CONNECT1.pcap,172.16.0.60:60576->172.19.0.8:443,3,172.16.0.60,60576,172.19.0.8,443,3,3,0,3882,3882,0,1294.0,1294,1294,0.0,0.0,0.0,1294.0,1294,1294,0.0,0.0,0.0,0.0,0,0,0.0,0.0,0.0,0.09979009628295898,0.0,0.19958019256591797,0.09979009628295898,0.009958063316162225,0.09979009628295898,0.0,0.19958019256591797,0.09979009628295898,0.009958063316162225,0.0,0.0,0.0,0.0,0.0,0,3,0.0,1.0,0,0.0,1.0,3,0,0,0,0,1.0,0.0,0.0,0.0,0.0,0.0,0.0,0.19958019256591797
QUIC_CONNECT1.pcap,172.16.0.60:58925->172.19.0.8:443,3,172.16.0.60,58925,172.19.0.8,443,3,3,0,3882,3882,0,1294.0,1294,1294,0.0,0.0,0.0,1294.0,1294,1294,0.0,0.0,0.0,0.0,0,0,0.0,0.0,0.0,0.10045802593231201,0.0,0.20091605186462402,0.10045802593231201,0.010091814974217073,0.10045802593231201,0.0,0.20091605186462402,0.10045802593231201,0.010091814974217073,0.0,0.0,0.0,0.0,0.0,0,3,0.0,1.0,0,0.0,1.0,3,0,0,0,0,1.0,0.0,0.0,0.0,0.0,0.0,0.0,0.20091605186462402
QUIC_CONNECT1.pcap,172.16.0.60:47176->172.19.0.8:443,3,172.16.0.60,47176,172.19.0.8,443,3,3,0,3882,3882,0,1294.0,1294,1294,0.0,0.0,0.0,1294.0,1294,1294,0.0,0.0,0.0,0.0,0,0,0.0,0.0,0.0,0.10047245025634766,3.695487976074219e-05,0.20090794563293457,0.10043549537658691,0.010087288731540411,0.10047245025634766,3.695487976074219e-05,0.20090794563293457,0.10043549537658691,0.010087288731540411,0.0,0.0,0.0,0.0,0.0,0,3,0.0,1.0,0,0.0,1.0,3,0,0,0,0,1.0,0.0,0.0,0.0,0.0,0.0,0.0,0.2009449005126953
QUIC_CONNECT1.pcap,172.16.0.60:49911->172.19.0.8:443,3,172.16.0.60,49911,172.19.0.8,443,3,3,0,3882,3882,0,1294.0,1294,1294,0.0,0.0,0.0,1294.0,1294,1294,0.0,0.0,0.0,0.0,0,0,0.0,0.0,0.0,0.10038995742797852,0.0,0.20077991485595703,0.10038995742797852,0.010078143552391339,0.10038995742797852,0.0,0.20077991485595703,0.10038995742797852,0.010078143552391339,0.0,0.0,0.0,0.0,0.0,0,3,0.0,1.0,0,0.0,1.0,3,0,0,0,0,1.0,0.0,0.0,0.0,0.0,0.0,0.0,0.20077991485595703
QUIC_CONNECT1.pcap,172.16.0.59:56026->172.19.0.8:443,3,172.16.0.59,56026,172.19.0.8,443,3,3,0,3882,3882,0,1294.0,1294,1294,0.0,0.0,0.0,1294.0,1294,1294,0.0,0.0,0.0,0.0,0,0,0.0,0.0,0.0,0.10028553009033203,2.4080276489257812e-05,0.2005469799041748,0.10026144981384277,0.010052358318773713,0.10028553009033203,2.4080276489257812e-05,0.2005469799041748,0.10026144981384277,0.010052358318773713,0.0,0.0,0.0,0.0,0.0,0,3,0.0,1.0,0,0.0,1.0,3,0,0,0,0,1.0,0.0,0.0,0.0,0.0,0.0,0.0,0.20057106018066406
QUIC_CONNECT1.pcap,172.16.0.42:48591->172.19.0.8:443,3,172.16.0.42,48591,172.19.0.8,443,3,3,0,3882,3882,0,1294.0,1294,1294,0.0,0.0,0.0,1294.0,1294,1294,0.0,0.0,0.0,0.0,0,0,0.0,0.0,0.0,0.10039806365966797,0.0,0.20079612731933594,0.10039806365966797,0.010079771186610742,0.10039806365966797,0.0,0.20079612731933594,0.10039806365966797,0.010079771186610742,0.0,0.0,0.0,0.0,0.0,0,3,0.0,1.0,0,0.0,1.0,3,0,0,0,0,1.0,0.0,0.0,0.0,0.0,0.0,0.0,0.20079612731933594
QUIC_CONNECT1.pcap,172.16.0.57:59700->172.19.0.8:443,3,172.16.0.57,59700,172.19.0.8,443,3,3,0,3882,3882,0,1294.0,1294,1294,0.0,0.0,0.0,1294.0,1294,1294,0.0,0.0,0.0,0.0,0,0,0.0,0.0,0.0,0.10012996196746826,0.0,0.20025992393493652,0.10012996196746826,0.01002600928360664,0.10012996196746826,0.0,0.20025992393493652,0.10012996196746826,0.01002600928360664,0.0,0.0,0.0,0.0,0.0,0,3,0.0,1.0,0,0.0,1.0,3,0,0,0,0,1.0,0.0,0.0,0.0,0.0,0.0,0.0,0.20025992393493652
QUIC_CONNECT1.pcap,172.16.0.36:47825->172.19.0.8:443,3,172.16.0.36,47825,172.19.0.8,443,3,3,0,3882,3882,0,1294.0,1294,1294,0.0,0.0,0.0,1294.0,1294,1294,0.0,0.0,0.0,0.0,0,0,0.0,0.0,0.0,0.10028398036956787,0.0,0.20056796073913574,0.10028398036956787,0.010056876718763874,0.10028398036956787,0.0,0.20056796073913574,0.10028398036956787,0.010056876718763874,0.0,0.0,0.0,0.0,0.0,0,3,0.0,1.0,0,0.0,1.0,3,0,0,0,0,1.0,0.0,0.0,0.0,0.0,0.0,0.0,0.20056796073913574
QUIC_CONNECT1.pcap,172.16.0.33:37139->172.19.0.8:443,3,172.16.0.33,37139,172.19.0.8,443,3,3,0,3882,3882,0,1294.0,1294,1294,0.0,0.0,0.0,1294.0,1294,1294,0.0,0.0,0.0,0.0,0,0,0.0,0.0,0.0,0.09967350959777832,1.4066696166992188e-05,0.19933295249938965,0.09965944290161133,0.009932004559459529,0.09967350959777832,1.4066696166992188e-05,0.19933295249938965,0.09965944290161133,0.009932004559459529,0.0,0.0,0.0,0.0,0.0,0,3,0.0,1.0,0,0.0,1.0,3,0,0,0,0,1.0,0.0,0.0,0.0,0.0,0.0,0.0,0.19934701919555664
QUIC_CONNECT1.pcap,172.16.0.43:53521->172.19.0.8:443,3,172.16.0.43,53521,172.19.0.8,443,3,3,0,3882,3882,0,1294.0,1294,1294,0.0,0.0,0.0,1294.0,1294,1294,0.0,0.0,0.0,0.0,0,0,0.0,0.0,0.0,0.09974551200866699,4.100799560546875e-05,0.19945001602172852,0.09970450401306152,0.009940988120490601,0.09974551200866699,4.100799560546875e-05,0.19945001602172852,0.09970450401306152,0.009940988120490601,0.0,0.0,0.0,0.0,0.0,0,3,0.0,1.0,0,0.0,1.0,3,0,0,0,0,1.0,0.0,0.0,0.0,0.0,0.0,0.0,0.19949102401733398
QUIC_CONNECT1.pcap,172.16.0.47:56778->172.19.0.8:443,3,172.16.0.47,56778,172.19.0.8,443,3,3,0,3882,3882,0,1294.0,1294,1294,0.0,0.0,0.0,1294.0,1294,1294,0.0,0.0,0.0,0.0,0,0,0.0,0.0,0.0,0.09973502159118652,7.295608520507812e-05,0.19939708709716797,0.09966206550598145,0.009932527300918537,0.09973502159118652,7.295608520507812e-05,0.19939708709716797,0.09966206550598145,0.009932527300918537,0.0,0.0,0.0,0.0,0.0,0,3,0.0,1.0,0,0.0,1.0,3,0,0,0,0,1.0,0.0,0.0,0.0,0.0,0.0,0.0,0.19947004318237305
QUIC_CONNECT1.pcap,172.16.0.62:40209->172.19.0.8:443,3,172.16.0.62,40209,172.19.0.8,443,3,3,0,3882,3882,0,1294.0,1294,1294,0.0,0.0,0.0,1294.0,1294,1294,0.0,0.0,0.0,0.0,0,0,0.0,0.0,0.0,0.09993147850036621,1.5974044799804688e-05,0.19984698295593262,0.0999155044555664,0.00998310803061031,0.09993147850036621,1.5974044799804688e-05,0.19984698295593262,0.0999155044555664,0.00998310803061031,0.0,0.0,0.0,0.0,0.0,0,3,0.0,1.0,0,0.0,1.0,3,0,0,0,0,1.0,0.0,0.0,0.0,0.0,0.0,0.0,0.19986295700073242
QUIC_CONNECT1.pcap,172.16.0.34:52367->172.19.0.8:443,3,172.16.0.34,52367,172.19.0.8,443,3,3,0,3882,3882,0,1294.0,1294,1294,0.0,0.0,0.0,1294.0,1294,1294,0.0,0.0,0.0,0.0,0,0,0.0,0.0,0.0,0.1002124547958374,2.6941299438476562e-05,0.20039796829223633,0.10018551349639893,0.010037137114537131,0.1002124547958374,2.6941299438476562e-05,0.20039796829223633,0.10018551349639893,0.010037137114537131,0.0,0.0,0.0,0.0,0.0,0,3,0.0,1.0,0,0.0,1.0,3,0,0,0,0,1.0,0.0,0.0,0.0,0.0,0.0,0.0,0.2004249095916748
QUIC_CONNECT1.pcap,172.16.0.50:49101->172.19.0.8:443,3,172.16.0.50,49101,172.19.0.8,443,3,3,0,3882,3882,0,1294.0,1294,1294,0.0,0.0,0.0,1294.0,1294,1294,0.0,0.0,0.0,0.0,0,0,0.0,0.0,0.0,0.10006952285766602,0.0,0.20013904571533203,0.10006952285766602,0.010013909404960941,0.10006952285766602,0.0,0.20013904571533203,0.10006952285766602,0.010013909404960941,0.0,0.0,0.0,0.0,0.0,0,3,0.0,1.0,0,0.0,1.0,3,0,0,0,0,1.0,0.0,0.0,0.0,0.0,0.0,0.0,0.20013904571533203
QUIC_CONNECT1.pcap,172.16.0.61:33681->172.19.0.8:443,3,172.16.0.61,33681,172.19.0.8,443,3,3,0,3882,3882,0,1294.0,1294,1294,0.0,0.0,0.0,1294.0,1294,1294,0.0,0.0,0.0,0.0,0,0,0.0,0.0,0.0,0.1001579761505127,2.5987625122070312e-05,0.20028996467590332,0.10013198852539062,0.01002641512604896,0.1001579761505127,2.5987625122070312e-05,0.20028996467590332,0.10013198852539062,0.01002641512604896,0.0,0.0,0.0,0.0,0.0,0,3,0.0,1.0,0,0.0,1.0,3,0,0,0,0,1.0,0.0,0.0,0.0,0.0,0.0,0.0,0.2003159523010254
QUIC_CONNECT1.pcap,172.16.0.46:49194->172.19.0.8:443,3,172.16.0.46,49194,172.19.0.8,443,3,3,0,3882,3882,0,1294.0,1294,1294,0.0,0.0,0.0,1294.0,1294,1294,0.0,0.0,0.0,0.0,0,0,0.0,0.0,0.0,0.10052251815795898,0.0,0.20104503631591797,0.10052251815795898,0.010104776656817194,0.10052251815795898,0.0,0.20104503631591797,0.10052251815795898,0.010104776656817194,0.0,0.0,0.0,0.0,0.0,0,3,0.0,1.0,0,0.0,1.0,3,0,0,0,0,1.0,0.0,0.0,0.0,0.0,0.0,0.0,0.20104503631591797
QUIC_CONNECT1.pcap,172.16.0.39:50512->172.19.0.8:443,3,172.16.0.39,50512,172.19.0.8,443,3,3,0,3882,3882,0,1294.0,1294,1294,0.0,0.0,0.0,1294.0,1294,1294,0.0,0.0,0.0,0.0,0,0,0.0,0.0,0.0,0.10021400451660156,0.0,0.20042800903320312,0.10021400451660156,0.010042846701253438,0.10021400451660156,0.0,0.20042800903320312,0.10021400451660156,0.010042846701253438,0.0,0.0,0.0,0.0,0.0,0,3,0.0,1.0,0,0.0,1.0,3,0,0,0,0,1.0,0.0,0.0,0.0,0.0,0.0,0.0,0.20042800903320312
QUIC_CONNECT1.pcap,172.16.0.56:53124->172.19.0.8:443,3,172.16.0.56,53124,172.19.0.8,443,3,3,0,3882,3882,0,1294.0,1294,1294,0.0,0.0,0.0,1294.0,1294,1294,0.0,0.0,0.0,0.0,0,0,0.0,0.0,0.0,0.10024905204772949,7.104873657226562e-05,0.20042705535888672,0.10017800331115723,0.010035632347410228,0.10024905204772949,7.104873657226562e-05,0.20042705535888672,0.10017800331115723,0.010035632347410228,0.0,0.0,0.0,0.0,0.0,0,3,0.0,1.0,0,0.0,1.0,3,0,0,0,0,1.0,0.0,0.0,0.0,0.0,0.0,0.0,0.20049810409545898
QUIC_CONNECT1.pcap,172.16.0.38:57778->172.19.0.8:443,3,172.16.0.38,57778,172.19.0.8,443,3,3,0,3882,3882,0,1294.0,1294,1294,0.0,0.0,0.0,1294.0,1294,1294,0.0,0.0,0.0,0.0,0,0,0.0,0.0,0.0,0.10032403469085693,0.0,0.20064806938171387,0.10032403469085693,0.010064911936652265,0.10032403469085693,0.0,0.20064806938171387,0.10032403469085693,0.010064911936652265,0.0,0.0,0.0,0.0,0.0,0,3,0.0,1.0,0,0.0,1.0,3,0,0,0,0,1.0,0.0,0.0,0.0,0.0,0.0,0.0,0.20064806938171387
QUIC_CONNECT1.pcap,172.16.0.53:35167->172.19.0.8:443,3,172.16.0.53,35167,172.19.0.8,443,3,3,0,3882,3882,0,1294.0,1294,1294,0.0,0.0,0.0,1294.0,1294,1294,0.0,0.0,0.0,0.0,0,0,0.0,0.0,0.0,0.10024392604827881,9.5367431640625e-07,0.2004868984222412,0.1002429723739624,0.01004865351036699,0.10024392604827881,9.5367431640625e-07,0.2004868984222412,0.1002429723739624,0.01004865351036699,0.0,0.0,0.0,0.0,0.0,0,3,0.0,1.0,0,0.0,1.0,3,0,0,0,0,1.0,0.0,0.0,0.0,0.0,0.0,0.0,0.20048785209655762
QUIC_CONNECT1.pcap,172.16.0.52:37333->172.19.0.8:443,3,172.16.0.52,37333,172.19.0.8,443,3,3,0,3882,3882,0,1294.0,1294,1294,0.0,0.0,0.0,1294.0,1294,1294,0.0,0.0,0.0,0.0,0,0,0.0,0.0,0.0,0.08727455139160156,0.0,0.17454910278320312,0.08727455139160156,0.007616847320605302,0.08727455139160156,0.0,0.17454910278320312,0.08727455139160156,0.007616847320605302,0.0,0.0,0.0,0.0,0.0,0,3,0.0,1.0,0,0.0,1.0,3,0,0,0,0,1.0,0.0,0.0,0.0,0.0,0.0,0.0,0.17454910278320312
QUIC_CONNECT1.pcap,172.16.0.45:51464->172.19.0.8:443,3,172.16.0.45,51464,172.19.0.8,443,3,3,0,3882,3882,0,1294.0,1294,1294,0.0,0.0,0.0,1294.0,1294,1294,0.0,0.0,0.0,0.0,0,0,0.0,0.0,0.0,0.10023057460784912,1.1205673217773438e-05,0.20044994354248047,0.10021936893463135,0.01004392190965575,0.10023057460784912,1.1205673217773438e-05,0.20044994354248047,0.10021936893463135,0.01004392190965575,0.0,0.0,0.0,0.0,0.0,0,3,0.0,1.0,0,0.0,1.0,3,0,0,0,0,1.0,0.0,0.0,0.0,0.0,0.0,0.0,0.20046114921569824
QUIC_CONNECT1.pcap,172.16.0.58:55094->172.19.0.8:443,3,172.16.0.58,55094,172.19.0.8,443,3,3,0,3882,3882,0,1294.0,1294,1294,0.0,0.0,0.0,1294.0,1294,1294,0.0,0.0,0.0,0.0,0,0,0.0,0.0,0.0,0.06340646743774414,9.5367431640625e-07,0.12681198120117188,0.06340551376342773,0.004020259175604224,0.06340646743774414,9.5367431640625e-07,0.12681198120117188,0.06340551376342773,0.004020259175604224,0.0,0.0,0.0,0.0,0.0,0,3,0.0,1.0,0,0.0,1.0,3,0,0,0,0,1.0,0.0,0.0,0.0,0.0,0.0,0.0,0.12681293487548828
QUIC_CONNECT1.pcap,172.16.0.58:42958->172.19.0.8:443,3,172.16.0.58,42958,172.19.0.8,443,3,3,0,3882,3882,0,1294.0,1294,1294,0.0,0.0,0.0,1294.0,1294,1294,0.0,0.0,0.0,0.0,0,0,0.0,0.0,0.0,0.05017507076263428,9.5367431640625e-07,0.10034918785095215,0.05017411708831787,0.0025174420255922314,0.05017507076263428,9.5367431640625e-07,0.10034918785095215,0.05017411708831787,0.0025174420255922314,0.0,0.0,0.0,0.0,0.0,0,3,0.0,1.0,0,0.0,1.0,3,0,0,0,0,1.0,0.0,0.0,0.0,0.0,0.0,0.0,0.10035014152526855
QUIC_CONNECT1.pcap,172.16.0.40:47450->172.19.0.8:443,3,172.16.0.40,47450,172.19.0.8,443,3,3,0,3882,3882,0,1294.0,1294,1294,0.0,0.0,0.0,1294.0,1294,1294,0.0,0.0,0.0,0.0,0,0,0.0,0.0,0.0,0.10028398036956787,0.0,0.20056796073913574,0.10028398036956787,0.010056876718763874,0.10028398036956787,0.0,0.20056796073913574,0.10028398036956787,0.010056876718763874,0.0,0.0,0.0,0.0,0.0,0,3,0.0,1.0,0,0.0,1.0,3,0,0,0,0,1.0,0.0,0.0,0.0,0.0,0.0,0.0,0.20056796073913574
QUIC_CONNECT1.pcap,172.16.0.44:38851->172.19.0.8:443,3,172.16.0.44,38851,172.19.0.8,443,3,3,0,3882,3882,0,1294.0,1294,1294,0.0,0.0,0.0,1294.0,1294,1294,0.0,0.0,0.0,0.0,0,0,0.0,0.0,0.0,0.10051000118255615,0.0,0.2010200023651123,0.10051000118255615,0.01010226033771744,0.10051000118255615,0.0,0.2010200023651123,0.10051000118255615,0.01010226033771744,0.0,0.0,0.0,0.0,0.0,0,3,0.0,1.0,0,0.0,1.0,3,0,0,0,0,1.0,0.0,0.0,0.0,0.0,0.0,0.0,0.2010200023651123
QUIC_CONNECT1.pcap,172.16.0.63:56594->172.19.0.8:443,3,172.16.0.63,56594,172.19.0.8,443,3,3,0,3882,3882,0,1294.0,1294,1294,0.0,0.0,0.0,1294.0,1294,1294,0.0,0.0,0.0,0.0,0,0,0.0,0.0,0.0,0.09564650058746338,0.0,0.19129300117492676,0.09564650058746338,0.009148253074627632,0.09564650058746338,0.0,0.19129300117492676,0.09564650058746338,0.009148253074627632,0.0,0.0,0.0,0.0,0.0,0,3,0.0,1.0,0,0.0,1.0,3,0,0,0,0,1.0,0.0,0.0,0.0,0.0,0.0,0.0,0.19129300117492676
QUIC_CONNECT1.pcap,172.16.0.63:36000->172.19.0.8:443,3,172.16.0.63,36000,172.19.0.8,443,3,3,0,3882,3882,0,1294.0,1294,1294,0.0,0.0,0.0,1294.0,1294,1294,0.0,0.0,0.0,0.0,0,0,0.0,0.0,0.0,0.09561705589294434,0.0,0.19123411178588867,0.09561705589294434,0.009142621377634441,0.09561705589294434,0.0,0.19123411178588867,0.09561705589294434,0.009142621377634441,0.0,0.0,0.0,0.0,0.0,0,3,0.0,1.0,0,0.0,1.0,3,0,0,0,0,1.0,0.0,0.0,0.0,0.0,0.0,0.0,0.19123411178588867
QUIC_CONNECT1.pcap,172.16.0.58:36183->172.19.0.8:443,3,172.16.0.58,36183,172.19.0.8,443,3,3,0,3882,3882,0,1294.0,1294,1294,0.0,0.0,0.0,1294.0,1294,1294,0.0,0.0,0.0,0.0,0,0,0.0,0.0,0.0,0.09014642238616943,1.2874603271484375e-05,0.18027997016906738,0.09013354778289795,0.008124056435931948,0.09014642238616943,1.2874603271484375e-05,0.18027997016906738,0.09013354778289795,0.008124056435931948,0.0,0.0,0.0,0.0,0.0,0,3,0.0,1.0,0,0.0,1.0,3,0,0,0,0,1.0,0.0,0.0,0.0,0.0,0.0,0.0,0.18029284477233887
QUIC_CONNECT1.pcap,172.16.0.58:36527->172.19.0.8:443,3,172.16.0.58,36527,172.19.0.8,443,3,3,0,3882,3882,0,1294.0,1294,1294,0.0,0.0,0.0,1294.0,1294,1294,0.0,0.0,0.0,0.0,0,0,0.0,0.0,0.0,0.09013998508453369,2.09808349609375e-05,0.18025898933410645,0.09011900424957275,0.008121434926934512,0.09013998508453369,2.09808349609375e-05,0.18025898933410645,0.09011900424957275,0.008121434926934512,0.0,0.0,0.0,0.0,0.0,0,3,0.0,1.0,0,0.0,1.0,3,0,0,0,0,1.0,0.0,0.0,0.0,0.0,0.0,0.0,0.18027997016906738
QUIC_CONNECT1.pcap,172.16.0.54:49173->172.19.0.8:443,3,172.16.0.54,49173,172.19.0.8,443,3,3,0,3882,3882,0,1294.0,1294,1294,0.0,0.0,0.0,1294.0,1294,1294,0.0,0.0,0.0,0.0,0,0,0.0,0.0,0.0,0.10044944286346436,9.5367431640625e-07,0.2008979320526123,0.10044848918914795,0.010089898980382372,0.10044944286346436,9.5367431640625e-07,0.2008979320526123,0.10044848918914795,0.010089898980382372,0.0,0.0,0.0,0.0,0.0,0,3,0.0,1.0,0,0.0,1.0,3,0,0,0,0,1.0,0.0,0.0,0.0,0.0,0.0,0.0,0.2008988857269287
QUIC_CONNECT1.pcap,172.16.0.49:40867->172.19.0.8:443,3,172.16.0.49,40867,172.19.0.8,443,3,3,0,3882,3882,0,1294.0,1294,1294,0.0,0.0,0.0,1294.0,1294,1294,0.0,0.0,0.0,0.0,0,0,0.0,0.0,0.0,0.07122302055358887,0.0,0.14244604110717773,0.07122302055358887,0.005072718656776942,0.07122302055358887,0.0,0.14244604110717773,0.07122302055358887,0.005072718656776942,0.0,0.0,0.0,0.0,0.0,0,3,0.0,1.0,0,0.0,1.0,3,0,0,0,0,1.0,0.0,0.0,0.0,0.0,0.0,0.0,0.14244604110717773
QUIC_CONNECT1.pcap,172.16.0.63:57129->172.19.0.8:443,3,172.16.0.63,57129,172.19.0.8,443,3,3,0,3882,3882,0,1294.0,1294,1294,0.0,0.0,0.0,1294.0,1294,1294,0.0,0.0,0.0,0.0,0,0,0.0,0.0,0.0,0.08765649795532227,0.0,0.17531299591064453,0.08765649795532227,0.0076836616337914165,0.08765649795532227,0.0,0.17531299591064453,0.08765649795532227,0.0076836616337914165,0.0,0.0,0.0,0.0,0.0,0,3,0.0,1.0,0,0.0,1.0,3,0,0,0,0,1.0,0.0,0.0,0.0,0.0,0.0,0.0,0.17531299591064453
QUIC_CONNECT1.pcap,172.16.0.63:53643->172.19.0.8:443,3,172.16.0.63,53643,172.19.0.8,443,3,3,0,3882,3882,0,1294.0,1294,1294,0.0,0.0,0.0,1294.0,1294,1294,0.0,0.0,0.0,0.0,0,0,0.0,0.0,0.0,0.1000514030456543,0.0,0.2001028060913086,0.1000514030456543,0.010010283251403962,0.1000514030456543,0.0,0.2001028060913086,0.1000514030456543,0.010010283251403962,0.0,0.0,0.0,0.0,0.0,0,3,0.0,1.0,0,0.0,1.0,3,0,0,0,0,1.0,0.0,0.0,0.0,0.0,0.0,0.0,0.2001028060913086
QUIC_CONNECT1.pcap,172.16.0.63:51505->172.19.0.8:443,3,172.16.0.63,51505,172.19.0.8,443,3,3,0,3882,3882,0,1294.0,1294,1294,0.0,0.0,0.0,1294.0,1294,1294,0.0,0.0,0.0,0.0,0,0,0.0,0.0,0.0,0.1000509262084961,0.0,0.2001018524169922,0.1000509262084961,0.01001018783517793,0.1000509262084961,0.0,0.2001018524169922,0.1000509262084961,0.01001018783517793,0.0,0.0,0.0,0.0,0.0,0,3,0.0,1.0,0,0.0,1.0,3,0,0,0,0,1.0,0.0,0.0,0.0,0.0,0.0,0.0,0.2001018524169922
QUIC_CONNECT1.pcap,172.16.0.32:37858->172.19.0.8:443,3,172.16.0.32,37858,172.19.0.8,443,3,3,0,3882,3882,0,1294.0,1294,1294,0.0,0.0,0.0,1294.0,1294,1294,0.0,0.0,0.0,0.0,0,0,0.0,0.0,0.0,0.007708072662353516,9.5367431640625e-07,0.015415191650390625,0.007707118988037109,5.939968309576216e-05,0.007708072662353516,9.5367431640625e-07,0.015415191650390625,0.007707118988037109,5.939968309576216e-05,0.0,0.0,0.0,0.0,0.0,0,3,0.0,1.0,0,0.0,1.0,3,0,0,0,0,1.0,0.0,0.0,0.0,0.0,0.0,0.0,0.015416145324707031
QUIC_CONNECT1.pcap,172.16.0.48:38761->172.19.0.8:443,3,172.16.0.48,38761,172.19.0.8,443,3,3,0,3882,3882,0,1294.0,1294,1294,0.0,0.0,0.0,1294.0,1294,1294,0.0,0.0,0.0,0.0,0,0,0.0,0.0,0.0,0.10006749629974365,2.288818359375e-05,0.20011210441589355,0.1000446081161499,0.010008923613114007,0.10006749629974365,2.288818359375e-05,0.20011210441589355,0.1000446081161499,0.010008923613114007,0.0,0.0,0.0,0.0,0.0,0,3,0.0,1.0,0,0.0,1.0,3,0,0,0,0,1.0,0.0,0.0,0.0,0.0,0.0,0.0,0.2001349925994873
QUIC_CONNECT1.pcap,172.16.0.60:44865->172.19.0.8:443,3,172.16.0.60,44865,172.19.0.8,443,3,3,0,3882,3882,0,1294.0,1294,1294,0.0,0.0,0.0,1294.0,1294,1294,0.0,0.0,0.0,0.0,0,0,0.0,0.0,0.0,0.10026800632476807,1.0013580322265625e-05,0.20052599906921387,0.1002579927444458,0.010051665109145347,0.10026800632476807,1.0013580322265625e-05,0.20052599906921387,0.1002579927444458,0.010051665109145347,0.0,0.0,0.0,0.0,0.0,0,3,0.0,1.0,0,0.0,1.0,3,0,0,0,0,1.0,0.0,0.0,0.0,0.0,0.0,0.0,0.20053601264953613
QUIC_CONNECT1.pcap,172.16.0.37:46098->172.19.0.8:443,3,172.16.0.37,46098,172.19.0.8,443,3,3,0,3882,3882,0,1294.0,1294,1294,0.0,0.0,0.0,1294.0,1294,1294,0.0,0.0,0.0,0.0,0,0,0.0,0.0,0.0,0.10027050971984863,0.0,0.20054101943969727,0.10027050971984863,0.01005417511947826,0.10027050971984863,0.0,0.20054101943969727,0.10027050971984863,0.01005417511947826,0.0,0.0,0.0,0.0,0.0,0,3,0.0,1.0,0,0.0,1.0,3,0,0,0,0,1.0,0.0,0.0,0.0,0.0,0.0,0.0,0.20054101943969727
QUIC_CONNECT1.pcap,172.16.0.31:43621->172.19.0.8:443,3,172.16.0.31,43621,172.19.0.8,443,3,3,0,3882,3882,0,1294.0,1294,1294,0.0,0.0,0.0,1294.0,1294,1294,0.0,0.0,0.0,0.0,0,0,0.0,0.0,0.0,0.10047745704650879,3.1948089599609375e-05,0.20092296600341797,0.10044550895690918,0.010089300269612522,0.10047745704650879,3.1948089599609375e-05,0.20092296600341797,0.10044550895690918,0.010089300269612522,0.0,0.0,0.0,0.0,0.0,0,3,0.0,1.0,0,0.0,1.0,3,0,0,0,0,1.0,0.0,0.0,0.0,0.0,0.0,0.0,0.20095491409301758
QUIC_CONNECT1.pcap,172.16.0.41:34898->172.19.0.8:443,3,172.16.0.41,34898,172.19.0.8,443,3,3,0,3882,3882,0,1294.0,1294,1294,0.0,0.0,0.0,1294.0,1294,1294,0.0,0.0,0.0,0.0,0,0,0.0,0.0,0.0,0.10014951229095459,3.1948089599609375e-05,0.20026707649230957,0.10011756420135498,0.010023526661612436,0.10014951229095459,3.1948089599609375e-05,0.20026707649230957,0.10011756420135498,0.010023526661612436,0.0,0.0,0.0,0.0,0.0,0,3,0.0,1.0,0,0.0,1.0,3,0,0,0,0,1.0,0.0,0.0,0.0,0.0,0.0,0.0,0.20029902458190918
QUIC_CONNECT1.pcap,172.16.0.29:48036->172.19.0.8:443,3,172.16.0.29,48036,172.19.0.8,443,3,3,0,3882,3882,0,1294.0,1294,1294,0.0,0.0,0.0,1294.0,1294,1294,0.0,0.0,0.0,0.0,0,0,0.0,0.0,0.0,0.09988200664520264,0.0,0.19976401329040527,0.09988200664520264,0.009976415251472304,0.09988200664520264,0.0,0.19976401329040527,0.09988200664520264,0.009976415251472304,0.0,0.0,0.0,0.0,0.0,0,3,0.0,1.0,0,0.0,1.0,3,0,0,0,0,1.0,0.0,0.0,0.0,0.0,0.0,0.0,0.19976401329040527
QUIC_CONNECT1.pcap,172.16.0.29:58513->172.19.0.8:443,3,172.16.0.29,58513,172.19.0.8,443,3,3,0,3882,3882,0,1294.0,1294,1294,0.0,0.0,0.0,1294.0,1294,1294,0.0,0.0,0.0,0.0,0,0,0.0,0.0,0.0,0.10055398941040039,2.09808349609375e-05,0.20108699798583984,0.10053300857543945,0.010106885813229383,0.10055398941040039,2.09808349609375e-05,0.20108699798583984,0.10053300857543945,0.010106885813229383,0.0,0.0,0.0,0.0,0.0,0,3,0.0,1.0,0,0.0,1.0,3,0,0,0,0,1.0,0.0,0.0,0.0,0.0,0.0,0.0,0.20110797882080078
QUIC_CONNECT1.pcap,172.16.0.29:43261->172.19.0.8:443,3,172.16.0.29,43261,172.19.0.8,443,3,3,0,3882,3882,0,1294.0,1294,1294,0.0,0.0,0.0,1294.0,1294,1294,0.0,0.0,0.0,0.0,0,0,0.0,0.0,0.0,0.10047447681427002,2.09808349609375e-05,0.2009279727935791,0.10045349597930908,0.010090904854465066,0.10047447681427002,2.09808349609375e-05,0.2009279727935791,0.10045349597930908,0.010090904854465066,0.0,0.0,0.0,0.0,0.0,0,3,0.0,1.0,0,0.0,1.0,3,0,0,0,0,1.0,0.0,0.0,0.0,0.0,0.0,0.0,0.20094895362854004
QUIC_CONNECT1.pcap,172.16.0.29:33264->172.19.0.8:443,3,172.16.0.29,33264,172.19.0.8,443,3,3,0,3882,3882,0,1294.0,1294,1294,0.0,0.0,0.0,1294.0,1294,1294,0.0,0.0,0.0,0.0,0,0,0.0,0.0,0.0,0.10036242008209229,1.4781951904296875e-05,0.20071005821228027,0.10034763813018799,0.010069648478307158,0.10036242008209229,1.4781951904296875e-05,0.20071005821228027,0.10034763813018799,0.010069648478307158,0.0,0.0,0.0,0.0,0.0,0,3,0.0,1.0,0,0.0,1.0,3,0,0,0,0,1.0,0.0,0.0,0.0,0.0,0.0,0.0,0.20072484016418457
QUIC_CONNECT1.pcap,172.16.0.55:57127->172.19.0.8:443,3,172.16.0.55,57127,172.19.0.8,443,3,3,0,3882,3882,0,1294.0,1294,1294,0.0,0.0,0.0,1294.0,1294,1294,0.0,0.0,0.0,0.0,0,0,0.0,0.0,0.0,0.028114914894104004,0.0,0.05622982978820801,0.028114914894104004,0.0007904484395027112,0.028114914894104004,0.0,0.05622982978820801,0.028114914894104004,0.0007904484395027112,0.0,0.0,0.0,0.0,0.0,0,3,0.0,1.0,0,0.0,1.0,3,0,0,0,0,1.0,0.0,0.0,0.0,0.0,0.0,0.0,0.05622982978820801
QUIC_CONNECT1.pcap,172.16.0.55:50980->172.19.0.8:443,3,172.16.0.55,50980,172.19.0.8,443,3,3,0,3882,3882,0,1294.0,1294,1294,0.0,0.0,0.0,1294.0,1294,1294,0.0,0.0,0.0,0.0,0,0,0.0,0.0,0.0,0.10004496574401855,3.981590270996094e-05,0.20005011558532715,0.1000051498413086,0.010001029994782584,0.10004496574401855,3.981590270996094e-05,0.20005011558532715,0.1000051498413086,0.010001029994782584,0.0,0.0,0.0,0.0,0.0,0,3,0.0,1.0,0,0.0,1.0,3,0,0,0,0,1.0,0.0,0.0,0.0,0.0,0.0,0.0,0.2000899314880371
QUIC_CONNECT1.pcap,172.16.0.55:34636->172.19.0.8:443,3,172.16.0.55,34636,172.19.0.8,443,3,3,0,3882,3882,0,1294.0,1294,1294,0.0,0.0,0.0,1294.0,1294,1294,0.0,0.0,0.0,0.0,0,0,0.0,0.0,0.0,0.09992396831512451,0.0,0.19984793663024902,0.09992396831512451,0.009984799443842007,0.09992396831512451,0.0,0.19984793663024902,0.09992396831512451,0.009984799443842007,0.0,0.0,0.0,0.0,0.0,0,3,0.0,1.0,0,0.0,1.0,3,0,0,0,0,1.0,0.0,0.0,0.0,0.0,0.0,0.0,0.19984793663024902
QUIC_CONNECT1.pcap,172.16.0.55:48137->172.19.0.8:443,3,172.16.0.55,48137,172.19.0.8,443,3,3,0,3882,3882,0,1294.0,1294,1294,0.0,0.0,0.0,1294.0,1294,1294,0.0,0.0,0.0,0.0,0,0,0.0,0.0,0.0,0.10004401206970215,1.0967254638671875e-05,0.20007705688476562,0.10003304481506348,0.010006610054972498,0.10004401206970215,1.0967254638671875e-05,0.20007705688476562,0.10003304481506348,0.010006610054972498,0.0,0.0,0.0,0.0,0.0,0,3,0.0,1.0,0,0.0,1.0,3,0,0,0,0,1.0,0.0,0.0,0.0,0.0,0.0,0.0,0.2000880241394043
QUIC_CONNECT1.pcap,172.16.0.55:51042->172.19.0.8:443,3,172.16.0.55,51042,172.19.0.8,443,3,3,0,3882,3882,0,1294.0,1294,1294,0.0,0.0,0.0,1294.0,1294,1294,0.0,0.0,0.0,0.0,0,0,0.0,0.0,0.0,0.10000050067901611,0.0,0.20000100135803223,0.10000050067901611,0.010000100136053902,0.10000050067901611,0.0,0.20000100135803223,0.10000050067901611,0.010000100136053902,0.0,0.0,0.0,0.0,0.0,0,3,0.0,1.0,0,0.0,1.0,3,0,0,0,0,1.0,0.0,0.0,0.0,0.0,0.0,0.0,0.20000100135803223
QUIC_CONNECT1.pcap,172.16.0.26:36269->172.19.0.8:443,3,172.16.0.26,36269,172.19.0.8,443,3,3,0,3882,3882,0,1294.0,1294,1294,0.0,0.0,0.0,1294.0,1294,1294,0.0,0.0,0.0,0.0,0,0,0.0,0.0,0.0,0.08268499374389648,7.390975952148438e-05,0.16529607772827148,0.082611083984375,0.00682459119707346,0.08268499374389648,7.390975952148438e-05,0.16529607772827148,0.082611083984375,0.00682459119707346,0.0,0.0,0.0,0.0,0.0,0,3,0.0,1.0,0,0.0,1.0,3,0,0,0,0,1.0,0.0,0.0,0.0,0.0,0.0,0.0,0.16536998748779297
QUIC_CONNECT1.pcap,172.16.0.26:59913->172.19.0.8:443,3,172.16.0.26,59913,172.19.0.8,443,3,3,0,3882,3882,0,1294.0,1294,1294,0.0,0.0,0.0,1294.0,1294,1294,0.0,0.0,0.0,0.0,0,0,0.0,0.0,0.0,0.31684601306915283,0.0,0.6336920261383057,0.31684601306915283,0.10039139599781777,0.31684601306915283,0.0,0.6336920261383057,0.31684601306915283,0.10039139599781777,0.0,0.0,0.0,0.0,0.0,0,3,0.0,1.0,0,0.0,1.0,3,0,0,0,0,1.0,0.0,0.0,0.0,0.0,0.0,0.0,0.6336920261383057
QUIC_CONNECT1.pcap,172.16.0.26:58905->172.19.0.8:443,3,172.16.0.26,58905,172.19.0.8,443,3,3,0,3882,3882,0,1294.0,1294,1294,0.0,0.0,0.0,1294.0,1294,1294,0.0,0.0,0.0,0.0,0,0,0.0,0.0,0.0,0.09676051139831543,0.0,0.19352102279663086,0.09676051139831543,0.00936259656606353,0.09676051139831543,0.0,0.19352102279663086,0.09676051139831543,0.00936259656606353,0.0,0.0,0.0,0.0,0.0,0,3,0.0,1.0,0,0.0,1.0,3,0,0,0,0,1.0,0.0,0.0,0.0,0.0,0.0,0.0,0.19352102279663086
QUIC_CONNECT1.pcap,172.16.0.26:35093->172.19.0.8:443,3,172.16.0.26,35093,172.19.0.8,443,3,3,0,3882,3882,0,1294.0,1294,1294,0.0,0.0,0.0,1294.0,1294,1294,0.0,0.0,0.0,0.0,0,0,0.0,0.0,0.0,0.4656420946121216,0.3044130802154541,0.6268711090087891,0.16122901439666748,0.02599479508332081,0.4656420946121216,0.3044130802154541,0.6268711090087891,0.16122901439666748,0.02599479508332081,0.0,0.0,0.0,0.0,0.0,0,3,0.0,1.0,0,0.0,1.0,3,0,0,0,0,1.0,0.0,0.0,0.0,0.0,0.0,0.0,0.9312841892242432
QUIC_CONNECT1.pcap,172.16.0.26:52803->172.19.0.8:443,3,172.16.0.26,52803,172.19.0.8,443,3,1,2,3882,1294,2588,1294.0,1294,1294,0.0,0.0,0.0,1294.0,1294,1294,0.0,0.0,0.0,1294.0,1294,1294,0.0,0.0,0.0,0.26006507873535156,0.00013303756713867188,0.5199971199035645,0.2599320411682129,0.06756466602587352,0.0,0.0,0.0,0.0,0.0,0.00013303756713867188,0.00013303756713867188,0.00013303756713867188,0.0,0.0,0,3,0.0,1.0,0,0.0,1.0,1,2,0,0,0,0.3333333333333333,0.6666666666666666,0.0,0.0,0.0,0.9182958340544896,0.0,0.5201301574707031
QUIC_CONNECT1.pcap,172.16.0.29:45158->172.19.0.8:443,3,172.16.0.29,45158,172.19.0.8,443,3,1,2,3882,1294,2588,1294.0,1294,1294,0.0,0.0,0.0,1294.0,1294,1294,0.0,0.0,0.0,1294.0,1294,1294,0.0,0.0,0.0,0.4025909900665283,0.00038909912109375,0.8047928810119629,0.40220189094543457,0.16176636108008324,0.0,0.0,0.0,0.0,0.0,0.00038909912109375,0.00038909912109375,0.00038909912109375,0.0,0.0,0,3,0.0,1.0,0,0.0,1.0,1,2,0,0,0,0.3333333333333333,0.6666666666666666,0.0,0.0,0.0,0.9182958340544896,0.0,0.8051819801330566
QUIC_CONNECT1.pcap,172.16.0.58:46416->172.19.0.8:443,3,172.16.0.58,46416,172.19.0.8,443,3,3,0,3882,3882,0,1294.0,1294,1294,0.0,0.0,0.0,1294.0,1294,1294,0.0,0.0,0.0,0.0,0,0,0.0,0.0,0.0,0.10027456283569336,0.0,0.20054912567138672,0.10027456283569336,0.010054987951889416,0.10027456283569336,0.0,0.20054912567138672,0.10027456283569336,0.010054987951889416,0.0,0.0,0.0,0.0,0.0,0,3,0.0,1.0,0,0.0,1.0,3,0,0,0,0,1.0,0.0,0.0,0.0,0.0,0.0,0.0,0.20054912567138672
QUIC_CONNECT1.pcap,172.16.0.30:57186->172.19.0.8:443,3,172.16.0.30,57186,172.19.0.8,443,3,3,0,3882,3882,0,1294.0,1294,1294,0.0,0.0,0.0,1294.0,1294,1294,0.0,0.0,0.0,0.0,0,0,0.0,0.0,0.0,0.09990155696868896,0.0,0.19980311393737793,0.09990155696868896,0.009980321084768207,0.09990155696868896,0.0,0.19980311393737793,0.09990155696868896,0.009980321084768207,0.0,0.0,0.0,0.0,0.0,0,3,0.0,1.0,0,0.0,1.0,3,0,0,0,0,1.0,0.0,0.0,0.0,0.0,0.0,0.0,0.19980311393737793
QUIC_CONNECT1.pcap,172.16.0.30:38192->172.19.0.8:443,3,172.16.0.30,38192,172.19.0.8,443,3,3,0,3882,3882,0,1294.0,1294,1294,0.0,0.0,0.0,1294.0,1294,1294,0.0,0.0,0.0,0.0,0,0,0.0,0.0,0.0,0.10052359104156494,8.106231689453125e-06,0.20103907585144043,0.10051548480987549,0.01010336268656431,0.10052359104156494,8.106231689453125e-06,0.20103907585144043,0.10051548480987549,0.01010336268656431,0.0,0.0,0.0,0.0,0.0,0,3,0.0,1.0,0,0.0,1.0,3,0,0,0,0,1.0,0.0,0.0,0.0,0.0,0.0,0.0,0.20104718208312988
QUIC_CONNECT1.pcap,172.16.0.30:41908->172.19.0.8:443,3,172.16.0.30,41908,172.19.0.8,443,3,3,0,3882,3882,0,1294.0,1294,1294,0.0,0.0,0.0,1294.0,1294,1294,0.0,0.0,0.0,0.0,0,0,0.0,0.0,0.0,0.10033595561981201,1.5020370483398438e-05,0.20065689086914062,0.10032093524932861,0.010064290049299984,0.10033595561981201,1.5020370483398438e-05,0.20065689086914062,0.10032093524932861,0.010064290049299984,0.0,0.0,0.0,0.0,0.0,0,3,0.0,1.0,0,0.0,1.0,3,0,0,0,0,1.0,0.0,0.0,0.0,0.0,0.0,0.0,0.20067191123962402
QUIC_CONNECT1.pcap,172.16.0.30:37760->172.19.0.8:443,3,172.16.0.30,37760,172.19.0.8,443,3,3,0,3882,3882,0,1294.0,1294,1294,0.0,0.0,0.0,1294.0,1294,1294,0.0,0.0,0.0,0.0,0,0,0.0,0.0,0.0,0.10037398338317871,0.0,0.20074796676635742,0.10037398338317871,0.010074936540206636,0.10037398338317871,0.0,0.20074796676635742,0.10037398338317871,0.010074936540206636,0.0,0.0,0.0,0.0,0.0,0,3,0.0,1.0,0,0.0,1.0,3,0,0,0,0,1.0,0.0,0.0,0.0,0.0,0.0,0.0,0.20074796676635742
QUIC_CONNECT1.pcap,172.16.0.30:45664->172.19.0.8:443,3,172.16.0.30,45664,172.19.0.8,443,3,3,0,3882,3882,0,1294.0,1294,1294,0.0,0.0,0.0,1294.0,1294,1294,0.0,0.0,0.0,0.0,0,0,0.0,0.0,0.0,0.1002579927444458,0.0,0.2005159854888916,0.1002579927444458,0.010051665109145347,0.1002579927444458,0.0,0.2005159854888916,0.1002579927444458,0.010051665109145347,0.0,0.0,0.0,0.0,0.0,0,3,0.0,1.0,0,0.0,1.0,3,0,0,0,0,1.0,0.0,0.0,0.0,0.0,0.0,0.0,0.2005159854888916
QUIC_CONNECT1.pcap,172.16.0.42:55345->172.19.0.8:443,3,172.16.0.42,55345,172.19.0.8,443,3,3,0,3882,3882,0,1294.0,1294,1294,0.0,0.0,0.0,1294.0,1294,1294,0.0,0.0,0.0,0.0,0,0,0.0,0.0,0.0,0.10011899471282959,7.414817810058594e-05,0.2001638412475586,0.100044846534729,0.010008971318157478,0.10011899471282959,7.414817810058594e-05,0.2001638412475586,0.100044846534729,0.010008971318157478,0.0,0.0,0.0,0.0,0.0,0,3,0.0,1.0,0,0.0,1.0,3,0,0,0,0,1.0,0.0,0.0,0.0,0.0,0.0,0.0,0.20023798942565918
QUIC_CONNECT1.pcap,172.16.0.43:35545->172.19.0.8:443,3,172.16.0.43,35545,172.19.0.8,443,3,3,0,3882,3882,0,1294.0,1294,1294,0.0,0.0,0.0,1294.0,1294,1294,0.0,0.0,0.0,0.0,0,0,0.0,0.0,0.0,0.10042548179626465,9.5367431640625e-07,0.2008500099182129,0.10042452812194824,0.010085085848515973,0.10042548179626465,9.5367431640625e-07,0.2008500099182129,0.10042452812194824,0.010085085848515973,0.0,0.0,0.0,0.0,0.0,0,3,0.0,1.0,0,0.0,1.0,3,0,0,0,0,1.0,0.0,0.0,0.0,0.0,0.0,0.0,0.2008509635925293
QUIC_CONNECT1.pcap,172.16.0.56:46291->172.19.0.8:443,3,172.16.0.56,46291,172.19.0.8,443,3,3,0,3882,3882,0,1294.0,1294,1294,0.0,0.0,0.0,1294.0,1294,1294,0.0,0.0,0.0,0.0,0,0,0.0,0.0,0.0,0.32829344272613525,1.0967254638671875e-05,0.6565759181976318,0.3282824754714966,0.10776938370169376,0.32829344272613525,1.0967254638671875e-05,0.6565759181976318,0.3282824754714966,0.10776938370169376,0.0,0.0,0.0,0.0,0.0,0,3,0.0,1.0,0,0.0,1.0,3,0,0,0,0,1.0,0.0,0.0,0.0,0.0,0.0,0.0,0.6565868854522705
QUIC_CONNECT1.pcap,172.16.0.33:42357->172.19.0.8:443,3,172.16.0.33,42357,172.19.0.8,443,3,3,0,3882,3882,0,1294.0,1294,1294,0.0,0.0,0.0,1294.0,1294,1294,0.0,0.0,0.0,0.0,0,0,0.0,0.0,0.0,0.10029244422912598,4.1961669921875e-05,0.20054292678833008,0.1002504825592041,0.010050159253353286,0.10029244422912598,4.1961669921875e-05,0.20054292678833008,0.1002504825592041,0.010050159253353286,0.0,0.0,0.0,0.0,0.0,0,3,0.0,1.0,0,0.0,1.0,3,0,0,0,0,1.0,0.0,0.0,0.0,0.0,0.0,0.0,0.20058488845825195
QUIC_CONNECT1.pcap,172.16.0.44:34473->172.19.0.8:443,3,172.16.0.44,34473,172.19.0.8,443,3,3,0,3882,3882,0,1294.0,1294,1294,0.0,0.0,0.0,1294.0,1294,1294,0.0,0.0,0.0,0.0,0,0,0.0,0.0,0.0,0.10026097297668457,9.5367431640625e-07,0.20052099227905273,0.10026001930236816,0.010052071470511237,0.10026097297668457,9.5367431640625e-07,0.20052099227905273,0.10026001930236816,0.010052071470511237,0.0,0.0,0.0,0.0,0.0,0,3,0.0,1.0,0,0.0,1.0,3,0,0,0,0,1.0,0.0,0.0,0.0,0.0,0.0,0.0,0.20052194595336914
QUIC_CONNECT1.pcap,172.16.0.38:38942->172.19.0.8:443,3,172.16.0.38,38942,172.19.0.8,443,3,3,0,3882,3882,0,1294.0,1294,1294,0.0,0.0,0.0,1294.0,1294,1294,0.0,0.0,0.0,0.0,0,0,0.0,0.0,0.0,0.10043001174926758,0.0,0.20086002349853516,0.10043001174926758,0.010086187259958024,0.10043001174926758,0.0,0.20086002349853516,0.10043001174926758,0.010086187259958024,0.0,0.0,0.0,0.0,0.0,0,3,0.0,1.0,0,0.0,1.0,3,0,0,0,0,1.0,0.0,0.0,0.0,0.0,0.0,0.0,0.20086002349853516
QUIC_CONNECT1.pcap,172.16.0.46:40361->172.19.0.8:443,3,172.16.0.46,40361,172.19.0.8,443,3,3,0,3882,3882,0,1294.0,1294,1294,0.0,0.0,0.0,1294.0,1294,1294,0.0,0.0,0.0,0.0,0,0,0.0,0.0,0.0,0.10003209114074707,3.218650817871094e-05,0.20003199577331543,0.09999990463256836,0.009999980926522767,0.10003209114074707,3.218650817871094e-05,0.20003199577331543,0.09999990463256836,0.009999980926522767,0.0,0.0,0.0,0.0,0.0,0,3,0.0,1.0,0,0.0,1.0,3,0,0,0,0,1.0,0.0,0.0,0.0,0.0,0.0,0.0,0.20006418228149414
QUIC_CONNECT1.pcap,172.16.0.61:38022->172.19.0.8:443,3,172.16.0.61,38022,172.19.0.8,443,3,3,0,3882,3882,0,1294.0,1294,1294,0.0,0.0,0.0,1294.0,1294,1294,0.0,0.0,0.0,0.0,0,0,0.0,0.0,0.0,0.10049748420715332,0.0,0.20099496841430664,0.10049748420715332,0.010099744331967031,0.10049748420715332,0.0,0.20099496841430664,0.10049748420715332,0.010099744331967031,0.0,0.0,0.0,0.0,0.0,0,3,0.0,1.0,0,0.0,1.0,3,0,0,0,0,1.0,0.0,0.0,0.0,0.0,0.0,0.0,0.20099496841430664
QUIC_CONNECT1.pcap,172.16.0.34:39672->172.19.0.8:443,3,172.16.0.34,39672,172.19.0.8,443,3,3,0,3882,3882,0,1294.0,1294,1294,0.0,0.0,0.0,1294.0,1294,1294,0.0,0.0,0.0,0.0,0,0,0.0,0.0,0.0,0.10038697719573975,0.0,0.2007739543914795,0.10038697719573975,0.010077545190497972,0.10038697719573975,0.0,0.2007739543914795,0.10038697719573975,0.010077545190497972,0.0,0.0,0.0,0.0,0.0,0,3,0.0,1.0,0,0.0,1.0,3,0,0,0,0,1.0,0.0,0.0,0.0,0.0,0.0,0.0,0.2007739543914795
QUIC_CONNECT1.pcap,172.16.0.39:33510->172.19.0.8:443,3,172.16.0.39,33510,172.19.0.8,443,3,3,0,3882,3882,0,1294.0,1294,1294,0.0,0.0,0.0,1294.0,1294,1294,0.0,0.0,0.0,0.0,0,0,0.0,0.0,0.0,0.10025203227996826,0.0,0.20050406455993652,0.10025203227996826,0.010050469976263798,0.10025203227996826,0.0,0.20050406455993652,0.10025203227996826,0.010050469976263798,0.0,0.0,0.0,0.0,0.0,0,3,0.0,1.0,0,0.0,1.0,3,0,0,0,0,1.0,0.0,0.0,0.0,0.0,0.0,0.0,0.20050406455993652
QUIC_CONNECT1.pcap,172.16.0.50:59251->172.19.0.8:443,3,172.16.0.50,59251,172.19.0.8,443,3,3,0,3882,3882,0,1294.0,1294,1294,0.0,0.0,0.0,1294.0,1294,1294,0.0,0.0,0.0,0.0,0,0,0.0,0.0,0.0,0.34456396102905273,0.011349916458129883,0.6777780055999756,0.33321404457092285,0.11103159949931296,0.34456396102905273,0.011349916458129883,0.6777780055999756,0.33321404457092285,0.11103159949931296,0.0,0.0,0.0,0.0,0.0,0,3,0.0,1.0,0,0.0,1.0,3,0,0,0,0,1.0,0.0,0.0,0.0,0.0,0.0,0.0,0.6891279220581055
QUIC_CONNECT1.pcap,172.16.0.40:60504->172.19.0.8:443,3,172.16.0.40,60504,172.19.0.8,443,3,3,0,3882,3882,0,1294.0,1294,1294,0.0,0.0,0.0,1294.0,1294,1294,0.0,0.0,0.0,0.0,0,0,0.0,0.0,0.0,0.1002650260925293,1.0967254638671875e-05,0.20051908493041992,0.10025405883789062,0.010050876313471235,0.1002650260925293,1.0967254638671875e-05,0.20051908493041992,0.10025405883789062,0.010050876313471235,0.0,0.0,0.0,0.0,0.0,0,3,0.0,1.0,0,0.0,1.0,3,0,0,0,0,1.0,0.0,0.0,0.0,0.0,0.0,0.0,0.2005300521850586
QUIC_CONNECT1.pcap,172.16.0.54:43905->172.19.0.8:443,3,172.16.0.54,43905,172.19.0.8,443,3,3,0,3882,3882,0,1294.0,1294,1294,0.0,0.0,0.0,1294.0,1294,1294,0.0,0.0,0.0,0.0,0,0,0.0,0.0,0.0,0.09937596321105957,0.0,0.19875192642211914,0.09937596321105957,0.009875582064125865,0.09937596321105957,0.0,0.19875192642211914,0.09937596321105957,0.009875582064125865,0.0,0.0,0.0,0.0,0.0,0,3,0.0,1.0,0,0.0,1.0,3,0,0,0,0,1.0,0.0,0.0,0.0,0.0,0.0,0.0,0.19875192642211914
QUIC_CONNECT1.pcap,172.16.0.59:46610->172.19.0.8:443,3,172.16.0.59,46610,172.19.0.8,443,3,3,0,3882,3882,0,1294.0,1294,1294,0.0,0.0,0.0,1294.0,1294,1294,0.0,0.0,0.0,0.0,0,0,0.0,0.0,0.0,0.10016953945159912,0.0,0.20033907890319824,0.10016953945159912,0.010033936633945473,0.10016953945159912,0.0,0.20033907890319824,0.10016953945159912,0.010033936633945473,0.0,0.0,0.0,0.0,0.0,0,3,0.0,1.0,0,0.0,1.0,3,0,0,0,0,1.0,0.0,0.0,0.0,0.0,0.0,0.0,0.20033907890319824
QUIC_CONNECT1.pcap,172.16.0.47:38872->172.19.0.8:443,3,172.16.0.47,38872,172.19.0.8,443,3,3,0,3882,3882,0,1294.0,1294,1294,0.0,0.0,0.0,1294.0,1294,1294,0.0,0.0,0.0,0.0,0,0,0.0,0.0,0.0,0.100258469581604,0.0,0.200516939163208,0.100258469581604,0.010051760722845415,0.100258469581604,0.0,0.200516939163208,0.100258469581604,0.010051760722845415,0.0,0.0,0.0,0.0,0.0,0,3,0.0,1.0,0,0.0,1.0,3,0,0,0,0,1.0,0.0,0.0,0.0,0.0,0.0,0.0,0.200516939163208
QUIC_CONNECT1.pcap,172.16.0.53:59584->172.19.0.8:443,3,172.16.0.53,59584,172.19.0.8,443,3,3,0,3882,3882,0,1294.0,1294,1294,0.0,0.0,0.0,1294.0,1294,1294,0.0,0.0,0.0,0.0,0,0,0.0,0.0,0.0,0.10023951530456543,1.1920928955078125e-06,0.20047783851623535,0.10023832321166992,0.010047721440287205,0.10023951530456543,1.1920928955078125e-06,0.20047783851623535,0.10023832321166992,0.010047721440287205,0.0,0.0,0.0,0.0,0.0,0,3,0.0,1.0,0,0.0,1.0,3,0,0,0,0,1.0,0.0,0.0,0.0,0.0,0.0,0.0,0.20047903060913086
QUIC_CONNECT1.pcap,172.16.0.62:40282->172.19.0.8:443,3,172.16.0.62,40282,172.19.0.8,443,3,3,0,3882,3882,0,1294.0,1294,1294,0.0,0.0,0.0,1294.0,1294,1294,0.0,0.0,0.0,0.0,0,0,0.0,0.0,0.0,0.10027146339416504,0.0,0.20054292678833008,0.10027146339416504,0.01005436637120738,0.10027146339416504,0.0,0.20054292678833008,0.10027146339416504,0.01005436637120738,0.0,0.0,0.0,0.0,0.0,0,3,0.0,1.0,0,0.0,1.0,3,0,0,0,0,1.0,0.0,0.0,0.0,0.0,0.0,0.0,0.20054292678833008
QUIC_CONNECT1.pcap,172.16.0.36:44240->172.19.0.8:443,3,172.16.0.36,44240,172.19.0.8,443,3,3,0,3882,3882,0,1294.0,1294,1294,0.0,0.0,0.0,1294.0,1294,1294,0.0,0.0,0.0,0.0,0,0,0.0,0.0,0.0,0.10023903846740723,0.0,0.20047807693481445,0.10023903846740723,0.010047864832870346,0.10023903846740723,0.0,0.20047807693481445,0.10023903846740723,0.010047864832870346,0.0,0.0,0.0,0.0,0.0,0,3,0.0,1.0,0,0.0,1.0,3,0,0,0,0,1.0,0.0,0.0,0.0,0.0,0.0,0.0,0.20047807693481445
QUIC_CONNECT1.pcap,172.16.0.32:44313->172.19.0.8:443,3,172.16.0.32,44313,172.19.0.8,443,3,3,0,3882,3882,0,1294.0,1294,1294,0.0,0.0,0.0,1294.0,1294,1294,0.0,0.0,0.0,0.0,0,0,0.0,0.0,0.0,0.10024750232696533,0.0,0.20049500465393066,0.10024750232696533,0.01004956172279492,0.10024750232696533,0.0,0.20049500465393066,0.10024750232696533,0.01004956172279492,0.0,0.0,0.0,0.0,0.0,0,3,0.0,1.0,0,0.0,1.0,3,0,0,0,0,1.0,0.0,0.0,0.0,0.0,0.0,0.0,0.20049500465393066
QUIC_CONNECT1.pcap,172.16.0.49:57983->172.19.0.8:443,3,172.16.0.49,57983,172.19.0.8,443,3,3,0,3882,3882,0,1294.0,1294,1294,0.0,0.0,0.0,1294.0,1294,1294,0.0,0.0,0.0,0.0,0,0,0.0,0.0,0.0,0.09999847412109375,0.0,0.1999969482421875,0.09999847412109375,0.009999694826547056,0.09999847412109375,0.0,0.1999969482421875,0.09999847412109375,0.009999694826547056,0.0,0.0,0.0,0.0,0.0,0,3,0.0,1.0,0,0.0,1.0,3,0,0,0,0,1.0,0.0,0.0,0.0,0.0,0.0,0.0,0.1999969482421875
QUIC_CONNECT1.pcap,172.16.0.52:38916->172.19.0.8:443,3,172.16.0.52,38916,172.19.0.8,443,3,3,0,3882,3882,0,1294.0,1294,1294,0.0,0.0,0.0,1294.0,1294,1294,0.0,0.0,0.0,0.0,0,0,0.0,0.0,0.0,0.10041546821594238,9.059906005859375e-06,0.2008218765258789,0.10040640830993652,0.01008144682970169,0.10041546821594238,9.059906005859375e-06,0.2008218765258789,0.10040640830993652,0.01008144682970169,0.0,0.0,0.0,0.0,0.0,0,3,0.0,1.0,0,0.0,1.0,3,0,0,0,0,1.0,0.0,0.0,0.0,0.0,0.0,0.0,0.20083093643188477
QUIC_CONNECT1.pcap,172.16.0.41:53323->172.19.0.8:443,3,172.16.0.41,53323,172.19.0.8,443,3,3,0,3882,3882,0,1294.0,1294,1294,0.0,0.0,0.0,1294.0,1294,1294,0.0,0.0,0.0,0.0,0,0,0.0,0.0,0.0,0.10037541389465332,0.0,0.20075082778930664,0.10037541389465332,0.010075223714522963,0.10037541389465332,0.0,0.20075082778930664,0.10037541389465332,0.010075223714522963,0.0,0.0,0.0,0.0,0.0,0,3,0.0,1.0,0,0.0,1.0,3,0,0,0,0,1.0,0.0,0.0,0.0,0.0,0.0,0.0,0.20075082778930664
QUIC_CONNECT1.pcap,172.16.0.48:41953->172.19.0.8:443,3,172.16.0.48,41953,172.19.0.8,443,3,3,0,3882,3882,0,1294.0,1294,1294,0.0,0.0,0.0,1294.0,1294,1294,0.0,0.0,0.0,0.0,0,0,0.0,0.0,0.0,0.10032904148101807,0.0,0.20065808296203613,0.10032904148101807,0.010065916564499844,0.10032904148101807,0.0,0.20065808296203613,0.10032904148101807,0.010065916564499844,0.0,0.0,0.0,0.0,0.0,0,3,0.0,1.0,0,0.0,1.0,3,0,0,0,0,1.0,0.0,0.0,0.0,0.0,0.0,0.0,0.20065808296203613
QUIC_CONNECT1.pcap,172.16.0.30:60500->172.19.0.8:443,3,172.16.0.30,60500,172.19.0.8,443,3,3,0,3882,3882,0,1294.0,1294,1294,0.0,0.0,0.0,1294.0,1294,1294,0.0,0.0,0.0,0.0,0,0,0.0,0.0,0.0,0.09999048709869385,0.0,0.1999809741973877,0.09999048709869385,0.00999809751023406,0.09999048709869385,0.0,0.1999809741973877,0.09999048709869385,0.00999809751023406,0.0,0.0,0.0,0.0,0.0,0,3,0.0,1.0,0,0.0,1.0,3,0,0,0,0,1.0,0.0,0.0,0.0,0.0,0.0,0.0,0.1999809741973877
QUIC_CONNECT1.pcap,172.16.0.37:52599->172.19.0.8:443,3,172.16.0.37,52599,172.19.0.8,443,3,3,0,3882,3882,0,1294.0,1294,1294,0.0,0.0,0.0,1294.0,1294,1294,0.0,0.0,0.0,0.0,0,0,0.0,0.0,0.0,0.1002349853515625,0.0,0.200469970703125,0.1002349853515625,0.010047052288427949,0.1002349853515625,0.0,0.200469970703125,0.1002349853515625,0.010047052288427949,0.0,0.0,0.0,0.0,0.0,0,3,0.0,1.0,0,0.0,1.0,3,0,0,0,0,1.0,0.0,0.0,0.0,0.0,0.0,0.0,0.200469970703125
QUIC_CONNECT1.pcap,172.16.0.31:59285->172.19.0.8:443,3,172.16.0.31,59285,172.19.0.8,443,3,3,0,3882,3882,0,1294.0,1294,1294,0.0,0.0,0.0,1294.0,1294,1294,0.0,0.0,0.0,0.0,0,0,0.0,0.0,0.0,0.10053253173828125,1.9073486328125e-05,0.20104598999023438,0.10051345825195312,0.010102955289767124,0.10053253173828125,1.9073486328125e-05,0.20104598999023438,0.10051345825195312,0.010102955289767124,0.0,0.0,0.0,0.0,0.0,0,3,0.0,1.0,0,0.0,1.0,3,0,0,0,0,1.0,0.0,0.0,0.0,0.0,0.0,0.0,0.2010650634765625
QUIC_CONNECT1.pcap,172.16.0.57:34526->172.19.0.8:443,3,172.16.0.57,34526,172.19.0.8,443,3,3,0,3882,3882,0,1294.0,1294,1294,0.0,0.0,0.0,1294.0,1294,1294,0.0,0.0,0.0,0.0,0,0,0.0,0.0,0.0,0.10027992725372314,0.0,0.2005598545074463,0.10027992725372314,0.010056063810012006,0.10027992725372314,0.0,0.2005598545074463,0.10027992725372314,0.010056063810012006,0.0,0.0,0.0,0.0,0.0,0,3,0.0,1.0,0,0.0,1.0,3,0,0,0,0,1.0,0.0,0.0,0.0,0.0,0.0,0.0,0.2005598545074463
QUIC_CONNECT1.pcap,172.16.0.55:57997->172.19.0.8:443,3,172.16.0.55,57997,172.19.0.8,443,3,3,0,3882,3882,0,1294.0,1294,1294,0.0,0.0,0.0,1294.0,1294,1294,0.0,0.0,0.0,0.0,0,0,0.0,0.0,0.0,0.08642756938934326,3.0994415283203125e-05,0.17282414436340332,0.08639657497406006,0.007464368167248381,0.08642756938934326,3.0994415283203125e-05,0.17282414436340332,0.08639657497406006,0.007464368167248381,0.0,0.0,0.0,0.0,0.0,0,3,0.0,1.0,0,0.0,1.0,3,0,0,0,0,1.0,0.0,0.0,0.0,0.0,0.0,0.0,0.17285513877868652
QUIC_CONNECT1.pcap,172.16.0.60:38012->172.19.0.8:443,3,172.16.0.60,38012,172.19.0.8,443,3,3,0,3882,3882,0,1294.0,1294,1294,0.0,0.0,0.0,1294.0,1294,1294,0.0,0.0,0.0,0.0,0,0,0.0,0.0,0.0,0.10000789165496826,9.775161743164062e-06,0.20000600814819336,0.0999981164932251,0.009999623302192617,0.10000789165496826,9.775161743164062e-06,0.20000600814819336,0.0999981164932251,0.009999623302192617,0.0,0.0,0.0,0.0,0.0,0,3,0.0,1.0,0,0.0,1.0,3,0,0,0,0,1.0,0.0,0.0,0.0,0.0,0.0,0.0,0.20001578330993652
QUIC_CONNECT1.pcap,172.16.0.26:38006->172.19.0.8:443,3,172.16.0.26,38006,172.19.0.8,443,3,3,0,3882,3882,0,1294.0,1294,1294,0.0,0.0,0.0,1294.0,1294,1294,0.0,0.0,0.0,0.0,0,0,0.0,0.0,0.0,0.10031700134277344,0.0,0.20063400268554688,0.10031700134277344,0.010063500758406008,0.10031700134277344,0.0,0.20063400268554688,0.10031700134277344,0.010063500758406008,0.0,0.0,0.0,0.0,0.0,0,3,0.0,1.0,0,0.0,1.0,3,0,0,0,0,1.0,0.0,0.0,0.0,0.0,0.0,0.0,0.20063400268554688
QUIC_CONNECT1.pcap,172.16.0.63:54901->172.19.0.8:443,3,172.16.0.63,54901,172.19.0.8,443,3,3,0,3882,3882,0,1294.0,1294,1294,0.0,0.0,0.0,1294.0,1294,1294,0.0,0.0,0.0,0.0,0,0,0.0,0.0,0.0,4.088878631591797e-05,0.0,8.177757263183594e-05,4.088878631591797e-05,1.6718928463888005e-09,4.088878631591797e-05,0.0,8.177757263183594e-05,4.088878631591797e-05,1.6718928463888005e-09,0.0,0.0,0.0,0.0,0.0,0,3,0.0,1.0,0,0.0,1.0,3,0,0,0,0,1.0,0.0,0.0,0.0,0.0,0.0,0.0,8.177757263183594e-05
QUIC_CONNECT1.pcap,172.16.0.45:41078->172.19.0.8:443,3,172.16.0.45,41078,172.19.0.8,443,3,3,0,3882,3882,0,1294.0,1294,1294,0.0,0.0,0.0,1294.0,1294,1294,0.0,0.0,0.0,0.0,0,0,0.0,0.0,0.0,0.10050642490386963,2.09808349609375e-05,0.20099186897277832,0.10048544406890869,0.010097324469725777,0.10050642490386963,2.09808349609375e-05,0.20099186897277832,0.10048544406890869,0.010097324469725777,0.0,0.0,0.0,0.0,0.0,0,3,0.0,1.0,0,0.0,1.0,3,0,0,0,0,1.0,0.0,0.0,0.0,0.0,0.0,0.0,0.20101284980773926
QUIC_CONNECT1.pcap,172.16.0.29:38981->172.19.0.8:443,3,172.16.0.29,38981,172.19.0.8,443,3,3,0,3882,3882,0,1294.0,1294,1294,0.0,0.0,0.0,1294.0,1294,1294,0.0,0.0,0.0,0.0,0,0,0.0,0.0,0.0,0.10042452812194824,0.0,0.20084905624389648,0.10042452812194824,0.010085085848515973,0.10042452812194824,0.0,0.20084905624389648,0.10042452812194824,0.010085085848515973,0.0,0.0,0.0,0.0,0.0,0,3,0.0,1.0,0,0.0,1.0,3,0,0,0,0,1.0,0.0,0.0,0.0,0.0,0.0,0.0,0.20084905624389648
QUIC_CONNECT1.pcap,172.16.0.50:52305->172.19.0.8:443,3,172.16.0.50,52305,172.19.0.8,443,3,3,0,3882,3882,0,1294.0,1294,1294,0.0,0.0,0.0,1294.0,1294,1294,0.0,0.0,0.0,0.0,0,0,0.0,0.0,0.0,0.10049808025360107,0.0,0.20099616050720215,0.10049808025360107,0.010099864134659242,0.10049808025360107,0.0,0.20099616050720215,0.10049808025360107,0.010099864134659242,0.0,0.0,0.0,0.0,0.0,0,3,0.0,1.0,0,0.0,1.0,3,0,0,0,0,1.0,0.0,0.0,0.0,0.0,0.0,0.0,0.20099616050720215
QUIC_CONNECT1.pcap,172.16.0.27:49231->172.19.0.8:443,3,172.16.0.27,49231,172.19.0.8,443,3,3,0,3882,3882,0,1294.0,1294,1294,0.0,0.0,0.0,1294.0,1294,1294,0.0,0.0,0.0,0.0,0,0,0.0,0.0,0.0,0.09987902641296387,1.2159347534179688e-05,0.19974589347839355,0.09986686706542969,0.009973391137464205,0.09987902641296387,1.2159347534179688e-05,0.19974589347839355,0.09986686706542969,0.009973391137464205,0.0,0.0,0.0,0.0,0.0,0,3,0.0,1.0,0,0.0,1.0,3,0,0,0,0,1.0,0.0,0.0,0.0,0.0,0.0,0.0,0.19975805282592773
QUIC_CONNECT1.pcap,172.16.0.27:57654->172.19.0.8:443,3,172.16.0.27,57654,172.19.0.8,443,3,3,0,3882,3882,0,1294.0,1294,1294,0.0,0.0,0.0,1294.0,1294,1294,0.0,0.0,0.0,0.0,0,0,0.0,0.0,0.0,0.09987902641296387,0.0,0.19975805282592773,0.09987902641296387,0.009975819917201534,0.09987902641296387,0.0,0.19975805282592773,0.09987902641296387,0.009975819917201534,0.0,0.0,0.0,0.0,0.0,0,3,0.0,1.0,0,0.0,1.0,3,0,0,0,0,1.0,0.0,0.0,0.0,0.0,0.0,0.0,0.19975805282592773
QUIC_CONNECT1.pcap,172.16.0.27:54539->172.19.0.8:443,3,172.16.0.27,54539,172.19.0.8,443,3,3,0,3882,3882,0,1294.0,1294,1294,0.0,0.0,0.0,1294.0,1294,1294,0.0,0.0,0.0,0.0,0,0,0.0,0.0,0.0,1.2516975402832031e-05,1.0013580322265625e-05,1.5020370483398438e-05,2.5033950805664062e-06,6.266986929404084e-12,1.2516975402832031e-05,1.0013580322265625e-05,1.5020370483398438e-05,2.5033950805664062e-06,6.266986929404084e-12,0.0,0.0,0.0,0.0,0.0,0,3,0.0,1.0,0,0.0,1.0,3,0,0,0,0,1.0,0.0,0.0,0.0,0.0,0.0,0.0,2.5033950805664062e-05
QUIC_CONNECT1.pcap,172.16.0.57:43942->172.19.0.8:443,3,172.16.0.57,43942,172.19.0.8,443,3,3,0,3882,3882,0,1294.0,1294,1294,0.0,0.0,0.0,1294.0,1294,1294,0.0,0.0,0.0,0.0,0,0,0.0,0.0,0.0,0.0999460220336914,2.3126602172851562e-05,0.19986891746520996,0.09992289543151855,0.009984585031418192,0.0999460220336914,2.3126602172851562e-05,0.19986891746520996,0.09992289543151855,0.009984585031418192,0.0,0.0,0.0,0.0,0.0,0,3,0.0,1.0,0,0.0,1.0,3,0,0,0,0,1.0,0.0,0.0,0.0,0.0,0.0,0.0,0.1998920440673828
QUIC_CONNECT1.pcap,172.16.0.27:47277->172.19.0.8:443,3,172.16.0.27,47277,172.19.0.8,443,3,3,0,3882,3882,0,1294.0,1294,1294,0.0,0.0,0.0,1294.0,1294,1294,0.0,0.0,0.0,0.0,0,0,0.0,0.0,0.0,0.09981048107147217,9.5367431640625e-07,0.19962000846862793,0.09980952739715576,0.009961941759243587,0.09981048107147217,9.5367431640625e-07,0.19962000846862793,0.09980952739715576,0.009961941759243587,0.0,0.0,0.0,0.0,0.0,0,3,0.0,1.0,0,0.0,1.0,3,0,0,0,0,1.0,0.0,0.0,0.0,0.0,0.0,0.0,0.19962096214294434
QUIC_CONNECT1.pcap,172.16.0.27:60092->172.19.0.8:443,3,172.16.0.27,60092,172.19.0.8,443,3,3,0,3882,3882,0,1294.0,1294,1294,0.0,0.0,0.0,1294.0,1294,1294,0.0,0.0,0.0,0.0,0,0,0.0,0.0,0.0,0.10043001174926758,0.0,0.20086002349853516,0.10043001174926758,0.010086187259958024,0.10043001174926758,0.0,0.20086002349853516,0.10043001174926758,0.010086187259958024,0.0,0.0,0.0,0.0,0.0,0,3,0.0,1.0,0,0.0,1.0,3,0,0,0,0,1.0,0.0,0.0,0.0,0.0,0.0,0.0,0.20086002349853516
QUIC_CONNECT1.pcap,172.16.0.47:57684->172.19.0.8:443,3,172.16.0.47,57684,172.19.0.8,443,3,3,0,3882,3882,0,1294.0,1294,1294,0.0,0.0,0.0,1294.0,1294,1294,0.0,0.0,0.0,0.0,0,0,0.0,0.0,0.0,0.10005342960357666,0.0,0.20010685920715332,0.10005342960357666,0.01001068877543787,0.10005342960357666,0.0,0.20010685920715332,0.10005342960357666,0.01001068877543787,0.0,0.0,0.0,0.0,0.0,0,3,0.0,1.0,0,0.0,1.0,3,0,0,0,0,1.0,0.0,0.0,0.0,0.0,0.0,0.0,0.20010685920715332
QUIC_CONNECT1.pcap,172.16.0.33:55160->172.19.0.8:443,3,172.16.0.33,55160,172.19.0.8,443,3,3,0,3882,3882,0,1294.0,1294,1294,0.0,0.0,0.0,1294.0,1294,1294,0.0,0.0,0.0,0.0,0,0,0.0,0.0,0.0,0.10021448135375977,0.00011491775512695312,0.20031404495239258,0.10009956359863281,0.010019922632636735,0.10021448135375977,0.00011491775512695312,0.20031404495239258,0.10009956359863281,0.010019922632636735,0.0,0.0,0.0,0.0,0.0,0,3,0.0,1.0,0,0.0,1.0,3,0,0,0,0,1.0,0.0,0.0,0.0,0.0,0.0,0.0,0.20042896270751953
QUIC_CONNECT1.pcap,172.16.0.42:41509->172.19.0.8:443,3,172.16.0.42,41509,172.19.0.8,443,3,3,0,3882,3882,0,1294.0,1294,1294,0.0,0.0,0.0,1294.0,1294,1294,0.0,0.0,0.0,0.0,0,0,0.0,0.0,0.0,0.10022401809692383,1.9073486328125e-05,0.20042896270751953,0.1002049446105957,0.010041030924412553,0.10022401809692383,1.9073486328125e-05,0.20042896270751953,0.1002049446105957,0.010041030924412553,0.0,0.0,0.0,0.0,0.0,0,3,0.0,1.0,0,0.0,1.0,3,0,0,0,0,1.0,0.0,0.0,0.0,0.0,0.0,0.0,0.20044803619384766
QUIC_CONNECT1.pcap,172.16.0.62:54770->172.19.0.8:443,3,172.16.0.62,54770,172.19.0.8,443,3,3,0,3882,3882,0,1294.0,1294,1294,0.0,0.0,0.0,1294.0,1294,1294,0.0,0.0,0.0,0.0,0,0,0.0,0.0,0.0,0.09995806217193604,0.0,0.19991612434387207,0.09995806217193604,0.00999161419316863,0.09995806217193604,0.0,0.19991612434387207,0.09995806217193604,0.00999161419316863,0.0,0.0,0.0,0.0,0.0,0,3,0.0,1.0,0,0.0,1.0,3,0,0,0,0,1.0,0.0,0.0,0.0,0.0,0.0,0.0,0.19991612434387207
QUIC_CONNECT1.pcap,172.16.0.43:59698->172.19.0.8:443,3,172.16.0.43,59698,172.19.0.8,443,3,3,0,3882,3882,0,1294.0,1294,1294,0.0,0.0,0.0,1294.0,1294,1294,0.0,0.0,0.0,0.0,0,0,0.0,0.0,0.0,0.10038650035858154,1.4066696166992188e-05,0.2007589340209961,0.10037243366241455,0.01007462543931581,0.10038650035858154,1.4066696166992188e-05,0.2007589340209961,0.10037243366241455,0.01007462543931581,0.0,0.0,0.0,0.0,0.0,0,3,0.0,1.0,0,0.0,1.0,3,0,0,0,0,1.0,0.0,0.0,0.0,0.0,0.0,0.0,0.20077300071716309
QUIC_CONNECT1.pcap,172.16.0.56:43510->172.19.0.8:443,3,172.16.0.56,43510,172.19.0.8,443,3,3,0,3882,3882,0,1294.0,1294,1294,0.0,0.0,0.0,1294.0,1294,1294,0.0,0.0,0.0,0.0,0,0,0.0,0.0,0.0,0.1002349853515625,6.008148193359375e-05,0.2004098892211914,0.1001749038696289,0.010035011365289392,0.1002349853515625,6.008148193359375e-05,0.2004098892211914,0.1001749038696289,0.010035011365289392,0.0,0.0,0.0,0.0,0.0,0,3,0.0,1.0,0,0.0,1.0,3,0,0,0,0,1.0,0.0,0.0,0.0,0.0,0.0,0.0,0.200469970703125
QUIC_CONNECT1.pcap,172.16.0.46:40213->172.19.0.8:443,3,172.16.0.46,40213,172.19.0.8,443,3,3,0,3882,3882,0,1294.0,1294,1294,0.0,0.0,0.0,1294.0,1294,1294,0.0,0.0,0.0,0.0,0,0,0.0,0.0,0.0,0.10044753551483154,5.2928924560546875e-05,0.20084214210510254,0.100394606590271,0.010079077032415285,0.10044753551483154,5.2928924560546875e-05,0.20084214210510254,0.100394606590271,0.010079077032415285,0.0,0.0,0.0,0.0,0.0,0,3,0.0,1.0,0,0.0,1.0,3,0,0,0,0,1.0,0.0,0.0,0.0,0.0,0.0,0.0,0.20089507102966309
QUIC_CONNECT1.pcap,172.16.0.49:58283->172.19.0.8:443,3,172.16.0.49,58283,172.19.0.8,443,3,3,0,3882,3882,0,1294.0,1294,1294,0.0,0.0,0.0,1294.0,1294,1294,0.0,0.0,0.0,0.0,0,0,0.0,0.0,0.0,0.10044801235198975,2.09808349609375e-05,0.20087504386901855,0.10042703151702881,0.010085588659322298,0.10044801235198975,2.09808349609375e-05,0.20087504386901855,0.10042703151702881,0.010085588659322298,0.0,0.0,0.0,0.0,0.0,0,3,0.0,1.0,0,0.0,1.0,3,0,0,0,0,1.0,0.0,0.0,0.0,0.0,0.0,0.0,0.2008960247039795
QUIC_CONNECT1.pcap,172.16.0.44:32886->172.19.0.8:443,3,172.16.0.44,32886,172.19.0.8,443,3,3,0,3882,3882,0,1294.0,1294,1294,0.0,0.0,0.0,1294.0,1294,1294,0.0,0.0,0.0,0.0,0,0,0.0,0.0,0.0,0.0999230146408081,7.867813110351562e-06,0.19983816146850586,0.09991514682769775,0.0099830365656004,0.0999230146408081,7.867813110351562e-06,0.19983816146850586,0.09991514682769775,0.0099830365656004,0.0,0.0,0.0,0.0,0.0,0,3,0.0,1.0,0,0.0,1.0,3,0,0,0,0,1.0,0.0,0.0,0.0,0.0,0.0,0.0,0.1998460292816162
QUIC_CONNECT1.pcap,172.16.0.60:47230->172.19.0.8:443,3,172.16.0.60,47230,172.19.0.8,443,3,3,0,3882,3882,0,1294.0,1294,1294,0.0,0.0,0.0,1294.0,1294,1294,0.0,0.0,0.0,0.0,0,0,0.0,0.0,0.0,0.09986841678619385,0.0,0.1997368335723877,0.09986841678619385,0.009973700671380925,0.09986841678619385,0.0,0.1997368335723877,0.09986841678619385,0.009973700671380925,0.0,0.0,0.0,0.0,0.0,0,3,0.0,1.0,0,0.0,1.0,3,0,0,0,0,1.0,0.0,0.0,0.0,0.0,0.0,0.0,0.1997368335723877
QUIC_CONNECT1.pcap,172.16.0.61:42646->172.19.0.8:443,3,172.16.0.61,42646,172.19.0.8,443,3,3,0,3882,3882,0,1294.0,1294,1294,0.0,0.0,0.0,1294.0,1294,1294,0.0,0.0,0.0,0.0,0,0,0.0,0.0,0.0,0.10028195381164551,5.0067901611328125e-06,0.20055890083312988,0.10027694702148438,0.010055466103949584,0.10028195381164551,5.0067901611328125e-06,0.20055890083312988,0.10027694702148438,0.010055466103949584,0.0,0.0,0.0,0.0,0.0,0,3,0.0,1.0,0,0.0,1.0,3,0,0,0,0,1.0,0.0,0.0,0.0,0.0,0.0,0.0,0.20056390762329102
QUIC_CONNECT1.pcap,172.16.0.39:42304->172.19.0.8:443,3,172.16.0.39,42304,172.19.0.8,443,3,3,0,3882,3882,0,1294.0,1294,1294,0.0,0.0,0.0,1294.0,1294,1294,0.0,0.0,0.0,0.0,0,0,0.0,0.0,0.0,0.10026657581329346,2.5987625122070312e-05,0.20050716400146484,0.10024058818817139,0.010048175520310565,0.10026657581329346,2.5987625122070312e-05,0.20050716400146484,0.10024058818817139,0.010048175520310565,0.0,0.0,0.0,0.0,0.0,0,3,0.0,1.0,0,0.0,1.0,3,0,0,0,0,1.0,0.0,0.0,0.0,0.0,0.0,0.0,0.20053315162658691
QUIC_CONNECT1.pcap,172.16.0.38:36660->172.19.0.8:443,3,172.16.0.38,36660,172.19.0.8,443,3,3,0,3882,3882,0,1294.0,1294,1294,0.0,0.0,0.0,1294.0,1294,1294,0.0,0.0,0.0,0.0,0,0,0.0,0.0,0.0,0.1000375747680664,5.0067901611328125e-06,0.20007014274597168,0.10003256797790527,0.01000651465625424,0.1000375747680664,5.0067901611328125e-06,0.20007014274597168,0.10003256797790527,0.01000651465625424,0.0,0.0,0.0,0.0,0.0,0,3,0.0,1.0,0,0.0,1.0,3,0,0,0,0,1.0,0.0,0.0,0.0,0.0,0.0,0.0,0.2000751495361328
QUIC_CONNECT1.pcap,172.16.0.63:60224->172.19.0.8:443,3,172.16.0.63,60224,172.19.0.8,443,3,3,0,3882,3882,0,1294.0,1294,1294,0.0,0.0,0.0,1294.0,1294,1294,0.0,0.0,0.0,0.0,0,0,0.0,0.0,0.0,0.10041248798370361,1.2874603271484375e-05,0.20081210136413574,0.10039961338043213,0.010080082366940246,0.10041248798370361,1.2874603271484375e-05,0.20081210136413574,0.10039961338043213,0.010080082366940246,0.0,0.0,0.0,0.0,0.0,0,3,0.0,1.0,0,0.0,1.0,3,0,0,0,0,1.0,0.0,0.0,0.0,0.0,0.0,0.0,0.20082497596740723
QUIC_CONNECT1.pcap,172.16.0.53:56777->172.19.0.8:443,3,172.16.0.53,56777,172.19.0.8,443,3,3,0,3882,3882,0,1294.0,1294,1294,0.0,0.0,0.0,1294.0,1294,1294,0.0,0.0,0.0,0.0,0,0,0.0,0.0,0.0,0.10045790672302246,0.0,0.20091581344604492,0.10045790672302246,0.010091791023171481,0.10045790672302246,0.0,0.20091581344604492,0.10045790672302246,0.010091791023171481,0.0,0.0,0.0,0.0,0.0,0,3,0.0,1.0,0,0.0,1.0,3,0,0,0,0,1.0,0.0,0.0,0.0,0.0,0.0,0.0,0.20091581344604492
QUIC_CONNECT1.pcap,172.16.0.40:35543->172.19.0.8:443,3,172.16.0.40,35543,172.19.0.8,443,3,3,0,3882,3882,0,1294.0,1294,1294,0.0,0.0,0.0,1294.0,1294,1294,0.0,0.0,0.0,0.0,0,0,0.0,0.0,0.0,0.10005152225494385,5.698204040527344e-05,0.20004606246948242,0.09999454021453857,0.009998908072716972,0.10005152225494385,5.698204040527344e-05,0.20004606246948242,0.09999454021453857,0.009998908072716972,0.0,0.0,0.0,0.0,0.0,0,3,0.0,1.0,0,0.0,1.0,3,0,0,0,0,1.0,0.0,0.0,0.0,0.0,0.0,0.0,0.2001030445098877
QUIC_CONNECT1.pcap,172.16.0.34:46880->172.19.0.8:443,3,172.16.0.34,46880,172.19.0.8,443,3,3,0,3882,3882,0,1294.0,1294,1294,0.0,0.0,0.0,1294.0,1294,1294,0.0,0.0,0.0,0.0,0,0,0.0,0.0,0.0,0.10053360462188721,0.0,0.20106720924377441,0.10053360462188721,0.01010700565826994,0.10053360462188721,0.0,0.20106720924377441,0.10053360462188721,0.01010700565826994,0.0,0.0,0.0,0.0,0.0,0,3,0.0,1.0,0,0.0,1.0,3,0,0,0,0,1.0,0.0,0.0,0.0,0.0,0.0,0.0,0.20106720924377441
QUIC_CONNECT1.pcap,172.16.0.32:53927->172.19.0.8:443,3,172.16.0.32,53927,172.19.0.8,443,3,3,0,3882,3882,0,1294.0,1294,1294,0.0,0.0,0.0,1294.0,1294,1294,0.0,0.0,0.0,0.0,0,0,0.0,0.0,0.0,0.10727393627166748,0.0,0.21454787254333496,0.10727393627166748,0.011507697403217776,0.10727393627166748,0.0,0.21454787254333496,0.10727393627166748,0.011507697403217776,0.0,0.0,0.0,0.0,0.0,0,3,0.0,1.0,0,0.0,1.0,3,0,0,0,0,1.0,0.0,0.0,0.0,0.0,0.0,0.0,0.21454787254333496
QUIC_CONNECT1.pcap,172.16.0.59:35930->172.19.0.8:443,3,172.16.0.59,35930,172.19.0.8,443,3,3,0,3882,3882,0,1294.0,1294,1294,0.0,0.0,0.0,1294.0,1294,1294,0.0,0.0,0.0,0.0,0,0,0.0,0.0,0.0,0.025661468505859375,0.0,0.05132293701171875,0.025661468505859375,0.0006585109658772126,0.025661468505859375,0.0,0.05132293701171875,0.025661468505859375,0.0006585109658772126,0.0,0.0,0.0,0.0,0.0,0,3,0.0,1.0,0,0.0,1.0,3,0,0,0,0,1.0,0.0,0.0,0.0,0.0,0.0,0.0,0.05132293701171875
QUIC_CONNECT1.pcap,172.16.0.54:52278->172.19.0.8:443,3,172.16.0.54,52278,172.19.0.8,443,3,3,0,3882,3882,0,1294.0,1294,1294,0.0,0.0,0.0,1294.0,1294,1294,0.0,0.0,0.0,0.0,0,0,0.0,0.0,0.0,0.41904640197753906,1.2874603271484375e-05,0.8380799293518066,0.4190335273742676,0.17558909706372106,0.41904640197753906,1.2874603271484375e-05,0.8380799293518066,0.4190335273742676,0.17558909706372106,0.0,0.0,0.0,0.0,0.0,0,3,0.0,1.0,0,0.0,1.0,3,0,0,0,0,1.0,0.0,0.0,0.0,0.0,0.0,0.0,0.8380928039550781
QUIC_CONNECT1.pcap,172.16.0.51:51317->172.19.0.8:443,3,172.16.0.51,51317,172.19.0.8,443,3,3,0,3882,3882,0,1294.0,1294,1294,0.0,0.0,0.0,1294.0,1294,1294,0.0,0.0,0.0,0.0,0,0,0.0,0.0,0.0,0.1002199649810791,0.0,0.2004399299621582,0.1002199649810791,0.010044041380808721,0.1002199649810791,0.0,0.2004399299621582,0.1002199649810791,0.010044041380808721,0.0,0.0,0.0,0.0,0.0,0,3,0.0,1.0,0,0.0,1.0,3,0,0,0,0,1.0,0.0,0.0,0.0,0.0,0.0,0.0,0.2004399299621582
QUIC_CONNECT1.pcap,172.16.0.51:51049->172.19.0.8:443,3,172.16.0.51,51049,172.19.0.8,443,3,3,0,3882,3882,0,1294.0,1294,1294,0.0,0.0,0.0,1294.0,1294,1294,0.0,0.0,0.0,0.0,0,0,0.0,0.0,0.0,0.1002199649810791,0.0,0.2004399299621582,0.1002199649810791,0.010044041380808721,0.1002199649810791,0.0,0.2004399299621582,0.1002199649810791,0.010044041380808721,0.0,0.0,0.0,0.0,0.0,0,3,0.0,1.0,0,0.0,1.0,3,0,0,0,0,1.0,0.0,0.0,0.0,0.0,0.0,0.0,0.2004399299621582
QUIC_CONNECT1.pcap,172.16.0.51:36936->172.19.0.8:443,3,172.16.0.51,36936,172.19.0.8,443,3,3,0,3882,3882,0,1294.0,1294,1294,0.0,0.0,0.0,1294.0,1294,1294,0.0,0.0,0.0,0.0,0,0,0.0,0.0,0.0,0.100211501121521,0.0,0.200423002243042,0.100211501121521,0.010042344957028604,0.100211501121521,0.0,0.200423002243042,0.100211501121521,0.010042344957028604,0.0,0.0,0.0,0.0,0.0,0,3,0.0,1.0,0,0.0,1.0,3,0,0,0,0,1.0,0.0,0.0,0.0,0.0,0.0,0.0,0.200423002243042
QUIC_CONNECT1.pcap,172.16.0.51:52850->172.19.0.8:443,3,172.16.0.51,52850,172.19.0.8,443,3,3,0,3882,3882,0,1294.0,1294,1294,0.0,0.0,0.0,1294.0,1294,1294,0.0,0.0,0.0,0.0,0,0,0.0,0.0,0.0,0.10045504570007324,0.0,0.20091009140014648,0.10045504570007324,0.010091216206603804,0.10045504570007324,0.0,0.20091009140014648,0.10045504570007324,0.010091216206603804,0.0,0.0,0.0,0.0,0.0,0,3,0.0,1.0,0,0.0,1.0,3,0,0,0,0,1.0,0.0,0.0,0.0,0.0,0.0,0.0,0.20091009140014648
QUIC_CONNECT1.pcap,172.16.0.58:39127->172.19.0.8:443,3,172.16.0.58,39127,172.19.0.8,443,3,3,0,3882,3882,0,1294.0,1294,1294,0.0,0.0,0.0,1294.0,1294,1294,0.0,0.0,0.0,0.0,0,0,0.0,0.0,0.0,0.09716355800628662,6.008148193359375e-05,0.19426703453063965,0.09710347652435303,0.00942908515311558,0.09716355800628662,6.008148193359375e-05,0.19426703453063965,0.09710347652435303,0.00942908515311558,0.0,0.0,0.0,0.0,0.0,0,3,0.0,1.0,0,0.0,1.0,3,0,0,0,0,1.0,0.0,0.0,0.0,0.0,0.0,0.0,0.19432711601257324
QUIC_CONNECT1.pcap,172.16.0.36:44913->172.19.0.8:443,3,172.16.0.36,44913,172.19.0.8,443,3,3,0,3882,3882,0,1294.0,1294,1294,0.0,0.0,0.0,1294.0,1294,1294,0.0,0.0,0.0,0.0,0,0,0.0,0.0,0.0,0.09943699836730957,0.0,0.19887399673461914,0.09943699836730957,0.009887716644300326,0.09943699836730957,0.0,0.19887399673461914,0.09943699836730957,0.009887716644300326,0.0,0.0,0.0,0.0,0.0,0,3,0.0,1.0,0,0.0,1.0,3,0,0,0,0,1.0,0.0,0.0,0.0,0.0,0.0,0.0,0.19887399673461914
QUIC_CONNECT1.pcap,172.16.0.25:52329->172.19.0.8:443,3,172.16.0.25,52329,172.19.0.8,443,3,3,0,3882,3882,0,1294.0,1294,1294,0.0,0.0,0.0,1294.0,1294,1294,0.0,0.0,0.0,0.0,0,0,0.0,0.0,0.0,7.2479248046875e-05,0.0,0.00014495849609375,7.2479248046875e-05,5.2532413974404335e-09,7.2479248046875e-05,0.0,0.00014495849609375,7.2479248046875e-05,5.2532413974404335e-09,0.0,0.0,0.0,0.0,0.0,0,3,0.0,1.0,0,0.0,1.0,3,0,0,0,0,1.0,0.0,0.0,0.0,0.0,0.0,0.0,0.00014495849609375
QUIC_CONNECT1.pcap,172.16.0.25:56764->172.19.0.8:443,3,172.16.0.25,56764,172.19.0.8,443,3,3,0,3882,3882,0,1294.0,1294,1294,0.0,0.0,0.0,1294.0,1294,1294,0.0,0.0,0.0,0.0,0,0,0.0,0.0,0.0,5.447864532470703e-05,0.0,0.00010895729064941406,5.447864532470703e-05,2.9679227964152233e-09,5.447864532470703e-05,0.0,0.00010895729064941406,5.447864532470703e-05,2.9679227964152233e-09,0.0,0.0,0.0,0.0,0.0,0,3,0.0,1.0,0,0.0,1.0,3,0,0,0,0,1.0,0.0,0.0,0.0,0.0,0.0,0.0,0.00010895729064941406
QUIC_CONNECT1.pcap,172.16.0.25:52897->172.19.0.8:443,3,172.16.0.25,52897,172.19.0.8,443,3,3,0,3882,3882,0,1294.0,1294,1294,0.0,0.0,0.0,1294.0,1294,1294,0.0,0.0,0.0,0.0,0,0,0.0,0.0,0.0,7.033348083496094e-06,0.0,1.4066696166992188e-05,7.033348083496094e-06,4.9467985263618175e-11,7.033348083496094e-06,0.0,1.4066696166992188e-05,7.033348083496094e-06,4.9467985263618175e-11,0.0,0.0,0.0,0.0,0.0,0,3,0.0,1.0,0,0.0,1.0,3,0,0,0,0,1.0,0.0,0.0,0.0,0.0,0.0,0.0,1.4066696166992188e-05
QUIC_CONNECT1.pcap,172.16.0.25:33743->172.19.0.8:443,3,172.16.0.25,33743,172.19.0.8,443,3,3,0,3882,3882,0,1294.0,1294,1294,0.0,0.0,0.0,1294.0,1294,1294,0.0,0.0,0.0,0.0,0,0,0.0,0.0,0.0,0.10021805763244629,9.202957153320312e-05,0.20034408569335938,0.10012602806091309,0.010025221495254755,0.10021805763244629,9.202957153320312e-05,0.20034408569335938,0.10012602806091309,0.010025221495254755,0.0,0.0,0.0,0.0,0.0,0,3,0.0,1.0,0,0.0,1.0,3,0,0,0,0,1.0,0.0,0.0,0.0,0.0,0.0,0.0,0.20043611526489258
QUIC_CONNECT1.pcap,172.16.0.25:49030->172.19.0.8:443,3,172.16.0.25,49030,172.19.0.8,443,3,3,0,3882,3882,0,1294.0,1294,1294,0.0,0.0,0.0,1294.0,1294,1294,0.0,0.0,0.0,0.0,0,0,0.0,0.0,0.0,0.09999096393585205,2.5033950805664062e-05,0.19995689392089844,0.09996592998504639,0.009993187157775196,0.09999096393585205,2.5033950805664062e-05,0.19995689392089844,0.09996592998504639,0.009993187157775196,0.0,0.0,0.0,0.0,0.0,0,3,0.0,1.0,0,0.0,1.0,3,0,0,0,0,1.0,0.0,0.0,0.0,0.0,0.0,0.0,0.1999819278717041
QUIC_CONNECT1.pcap,172.16.0.41:55401->172.19.0.8:443,3,172.16.0.41,55401,172.19.0.8,443,3,3,0,3882,3882,0,1294.0,1294,1294,0.0,0.0,0.0,1294.0,1294,1294,0.0,0.0,0.0,0.0,0,0,0.0,0.0,0.0,0.10082745552062988,0.0,0.20165491104125977,0.10082745552062988,0.010166175786764597,0.10082745552062988,0.0,0.20165491104125977,0.10082745552062988,0.010166175786764597,0.0,0.0,0.0,0.0,0.0,0,3,0.0,1.0,0,0.0,1.0,3,0,0,0,0,1.0,0.0,0.0,0.0,0.0,0.0,0.0,0.20165491104125977
QUIC_CONNECT1.pcap,172.16.0.48:43070->172.19.0.8:443,3,172.16.0.48,43070,172.19.0.8,443,3,3,0,3882,3882,0,1294.0,1294,1294,0.0,0.0,0.0,1294.0,1294,1294,0.0,0.0,0.0,0.0,0,0,0.0,0.0,0.0,0.1002964973449707,6.580352783203125e-05,0.20052719116210938,0.10023069381713867,0.010046191983065,0.1002964973449707,6.580352783203125e-05,0.20052719116210938,0.10023069381713867,0.010046191983065,0.0,0.0,0.0,0.0,0.0,0,3,0.0,1.0,0,0.0,1.0,3,0,0,0,0,1.0,0.0,0.0,0.0,0.0,0.0,0.0,0.2005929946899414
QUIC_CONNECT1.pcap,172.16.0.52:33442->172.19.0.8:443,3,172.16.0.52,33442,172.19.0.8,443,3,3,0,3882,3882,0,1294.0,1294,1294,0.0,0.0,0.0,1294.0,1294,1294,0.0,0.0,0.0,0.0,0,0,0.0,0.0,0.0,0.2843979597091675,9.5367431640625e-07,0.5687949657440186,0.2843970060348511,0.08088165704158712,0.2843979597091675,9.5367431640625e-07,0.5687949657440186,0.2843970060348511,0.08088165704158712,0.0,0.0,0.0,0.0,0.0,0,3,0.0,1.0,0,0.0,1.0,3,0,0,0,0,1.0,0.0,0.0,0.0,0.0,0.0,0.0,0.568795919418335
QUIC_CONNECT1.pcap,172.16.0.30:60576->172.19.0.8:443,3,172.16.0.30,60576,172.19.0.8,443,3,3,0,3882,3882,0,1294.0,1294,1294,0.0,0.0,0.0,1294.0,1294,1294,0.0,0.0,0.0,0.0,0,0,0.0,0.0,0.0,0.10024046897888184,0.0,0.20048093795776367,0.10024046897888184,0.010048151621106172,0.10024046897888184,0.0,0.20048093795776367,0.10024046897888184,0.010048151621106172,0.0,0.0,0.0,0.0,0.0,0,3,0.0,1.0,0,0.0,1.0,3,0,0,0,0,1.0,0.0,0.0,0.0,0.0,0.0,0.0,0.20048093795776367
QUIC_CONNECT1.pcap,172.16.0.55:35995->172.19.0.8:443,3,172.16.0.55,35995,172.19.0.8,443,3,3,0,3882,3882,0,1294.0,1294,1294,0.0,0.0,0.0,1294.0,1294,1294,0.0,0.0,0.0,0.0,0,0,0.0,0.0,0.0,0.1005624532699585,3.886222839355469e-05,0.20108604431152344,0.10052359104156494,0.010104992355891795,0.1005624532699585,3.886222839355469e-05,0.20108604431152344,0.10052359104156494,0.010104992355891795,0.0,0.0,0.0,0.0,0.0,0,3,0.0,1.0,0,0.0,1.0,3,0,0,0,0,1.0,0.0,0.0,0.0,0.0,0.0,0.0,0.201124906539917
QUIC_CONNECT1.pcap,172.16.0.37:50262->172.19.0.8:443,3,172.16.0.37,50262,172.19.0.8,443,3,3,0,3882,3882,0,1294.0,1294,1294,0.0,0.0,0.0,1294.0,1294,1294,0.0,0.0,0.0,0.0,0,0,0.0,0.0,0.0,0.10035789012908936,0.0,0.2007157802581787,0.10035789012908936,0.01007170611116237,0.10035789012908936,0.0,0.2007157802581787,0.10035789012908936,0.01007170611116237,0.0,0.0,0.0,0.0,0.0,0,3,0.0,1.0,0,0.0,1.0,3,0,0,0,0,1.0,0.0,0.0,0.0,0.0,0.0,0.0,0.2007157802581787
QUIC_CONNECT1.pcap,172.16.0.31:37430->172.19.0.8:443,3,172.16.0.31,37430,172.19.0.8,443,3,3,0,3882,3882,0,1294.0,1294,1294,0.0,0.0,0.0,1294.0,1294,1294,0.0,0.0,0.0,0.0,0,0,0.0,0.0,0.0,0.10042297840118408,0.0,0.20084595680236816,0.10042297840118408,0.010084774590964685,0.10042297840118408,0.0,0.20084595680236816,0.10042297840118408,0.010084774590964685,0.0,0.0,0.0,0.0,0.0,0,3,0.0,1.0,0,0.0,1.0,3,0,0,0,0,1.0,0.0,0.0,0.0,0.0,0.0,0.0,0.20084595680236816
QUIC_CONNECT1.pcap,172.16.0.26:52926->172.19.0.8:443,3,172.16.0.26,52926,172.19.0.8,443,3,3,0,3882,3882,0,1294.0,1294,1294,0.0,0.0,0.0,1294.0,1294,1294,0.0,0.0,0.0,0.0,0,0,0.0,0.0,0.0,0.10025298595428467,0.0,0.20050597190856934,0.10025298595428467,0.010050661192749999,0.10025298595428467,0.0,0.20050597190856934,0.10025298595428467,0.010050661192749999,0.0,0.0,0.0,0.0,0.0,0,3,0.0,1.0,0,0.0,1.0,3,0,0,0,0,1.0,0.0,0.0,0.0,0.0,0.0,0.0,0.20050597190856934
QUIC_CONNECT1.pcap,172.16.0.27:59749->172.19.0.8:443,3,172.16.0.27,59749,172.19.0.8,443,3,3,0,3882,3882,0,1294.0,1294,1294,0.0,0.0,0.0,1294.0,1294,1294,0.0,0.0,0.0,0.0,0,0,0.0,0.0,0.0,0.10027360916137695,0.0,0.2005472183227539,0.10027360916137695,0.01005479669424858,0.10027360916137695,0.0,0.2005472183227539,0.10027360916137695,0.01005479669424858,0.0,0.0,0.0,0.0,0.0,0,3,0.0,1.0,0,0.0,1.0,3,0,0,0,0,1.0,0.0,0.0,0.0,0.0,0.0,0.0,0.2005472183227539
QUIC_CONNECT1.pcap,172.16.0.29:42925->172.19.0.8:443,3,172.16.0.29,42925,172.19.0.8,443,3,3,0,3882,3882,0,1294.0,1294,1294,0.0,0.0,0.0,1294.0,1294,1294,0.0,0.0,0.0,0.0,0,0,0.0,0.0,0.0,0.10022342205047607,0.0,0.20044684410095215,0.10022342205047607,0.010044734327507854,0.10022342205047607,0.0,0.20044684410095215,0.10022342205047607,0.010044734327507854,0.0,0.0,0.0,0.0,0.0,0,3,0.0,1.0,0,0.0,1.0,3,0,0,0,0,1.0,0.0,0.0,0.0,0.0,0.0,0.0,0.20044684410095215
QUIC_CONNECT1.pcap,172.16.0.25:57298->172.19.0.8:443,3,172.16.0.25,57298,172.19.0.8,443,3,3,0,3882,3882,0,1294.0,1294,1294,0.0,0.0,0.0,1294.0,1294,1294,0.0,0.0,0.0,0.0,0,0,0.0,0.0,0.0,0.1002504825592041,0.0,0.2005009651184082,0.1002504825592041,0.010050159253353286,0.1002504825592041,0.0,0.2005009651184082,0.1002504825592041,0.010050159253353286,0.0,0.0,0.0,0.0,0.0,0,3,0.0,1.0,0,0.0,1.0,3,0,0,0,0,1.0,0.0,0.0,0.0,0.0,0.0,0.0,0.2005009651184082
QUIC_CONNECT1.pcap,172.16.0.58:52859->172.19.0.8:443,3,172.16.0.58,52859,172.19.0.8,443,3,3,0,3882,3882,0,1294.0,1294,1294,0.0,0.0,0.0,1294.0,1294,1294,0.0,0.0,0.0,0.0,0,0,0.0,0.0,0.0,0.10020744800567627,0.0,0.20041489601135254,0.10020744800567627,0.010041532635810313,0.10020744800567627,0.0,0.20041489601135254,0.10020744800567627,0.010041532635810313,0.0,0.0,0.0,0.0,0.0,0,3,0.0,1.0,0,0.0,1.0,3,0,0,0,0,1.0,0.0,0.0,0.0,0.0,0.0,0.0,0.20041489601135254
QUIC_CONNECT1.pcap,172.16.0.45:56961->172.19.0.8:443,3,172.16.0.45,56961,172.19.0.8,443,3,3,0,3882,3882,0,1294.0,1294,1294,0.0,0.0,0.0,1294.0,1294,1294,0.0,0.0,0.0,0.0,0,0,0.0,0.0,0.0,0.00015306472778320312,1.1920928955078125e-06,0.00030493736267089844,0.0001518726348876953,2.3065297227731207e-08,0.00015306472778320312,1.1920928955078125e-06,0.00030493736267089844,0.0001518726348876953,2.3065297227731207e-08,0.0,0.0,0.0,0.0,0.0,0,3,0.0,1.0,0,0.0,1.0,3,0,0,0,0,1.0,0.0,0.0,0.0,0.0,0.0,0.0,0.00030612945556640625
QUIC_CONNECT1.pcap,172.16.0.28:51580->172.19.0.8:443,3,172.16.0.28,51580,172.19.0.8,443,3,3,0,3882,3882,0,1294.0,1294,1294,0.0,0.0,0.0,1294.0,1294,1294,0.0,0.0,0.0,0.0,0,0,0.0,0.0,0.0,0.1000814437866211,1.0967254638671875e-05,0.20015192031860352,0.10007047653198242,0.010014100273338045,0.1000814437866211,1.0967254638671875e-05,0.20015192031860352,0.10007047653198242,0.010014100273338045,0.0,0.0,0.0,0.0,0.0,0,3,0.0,1.0,0,0.0,1.0,3,0,0,0,0,1.0,0.0,0.0,0.0,0.0,0.0,0.0,0.2001628875732422
QUIC_CONNECT1.pcap,172.16.0.28:33179->172.19.0.8:443,3,172.16.0.28,33179,172.19.0.8,443,3,3,0,3882,3882,0,1294.0,1294,1294,0.0,0.0,0.0,1294.0,1294,1294,0.0,0.0,0.0,0.0,0,0,0.0,0.0,0.0,0.1001049280166626,0.0,0.2002098560333252,0.1001049280166626,0.0100209966132212,0.1001049280166626,0.0,0.2002098560333252,0.1001049280166626,0.0100209966132212,0.0,0.0,0.0,0.0,0.0,0,3,0.0,1.0,0,0.0,1.0,3,0,0,0,0,1.0,0.0,0.0,0.0,0.0,0.0,0.0,0.2002098560333252
QUIC_CONNECT1.pcap,172.16.0.28:44289->172.19.0.8:443,3,172.16.0.28,44289,172.19.0.8,443,3,3,0,3882,3882,0,1294.0,1294,1294,0.0,0.0,0.0,1294.0,1294,1294,0.0,0.0,0.0,0.0,0,0,0.0,0.0,0.0,0.10013401508331299,1.5974044799804688e-05,0.20025205612182617,0.10011804103851318,0.01002362214138941,0.10013401508331299,1.5974044799804688e-05,0.20025205612182617,0.10011804103851318,0.01002362214138941,0.0,0.0,0.0,0.0,0.0,0,3,0.0,1.0,0,0.0,1.0,3,0,0,0,0,1.0,0.0,0.0,0.0,0.0,0.0,0.0,0.20026803016662598
QUIC_CONNECT1.pcap,172.16.0.28:50986->172.19.0.8:443,3,172.16.0.28,50986,172.19.0.8,443,3,3,0,3882,3882,0,1294.0,1294,1294,0.0,0.0,0.0,1294.0,1294,1294,0.0,0.0,0.0,0.0,0,0,0.0,0.0,0.0,0.10003459453582764,0.0,0.20006918907165527,0.10003459453582764,0.010006920103947436,0.10003459453582764,0.0,0.20006918907165527,0.10003459453582764,0.010006920103947436,0.0,0.0,0.0,0.0,0.0,0,3,0.0,1.0,0,0.0,1.0,3,0,0,0,0,1.0,0.0,0.0,0.0,0.0,0.0,0.0,0.20006918907165527
QUIC_CONNECT1.pcap,172.16.0.28:34220->172.19.0.8:443,3,172.16.0.28,34220,172.19.0.8,443,3,3,0,3882,3882,0,1294.0,1294,1294,0.0,0.0,0.0,1294.0,1294,1294,0.0,0.0,0.0,0.0,0,0,0.0,0.0,0.0,0.10048651695251465,0.0,0.2009730339050293,0.10048651695251465,0.010097540089248014,0.10048651695251465,0.0,0.2009730339050293,0.10048651695251465,0.010097540089248014,0.0,0.0,0.0,0.0,0.0,0,3,0.0,1.0,0,0.0,1.0,3,0,0,0,0,1.0,0.0,0.0,0.0,0.0,0.0,0.0,0.2009730339050293
QUIC_CONNECT1.pcap,172.16.0.28:45122->172.19.0.8:443,3,172.16.0.28,45122,172.19.0.8,443,3,3,0,3882,3882,0,1294.0,1294,1294,0.0,0.0,0.0,1294.0,1294,1294,0.0,0.0,0.0,0.0,0,0,0.0,0.0,0.0,0.10047304630279541,0.0,0.20094609260559082,0.10047304630279541,0.01009483303336367,0.10047304630279541,0.0,0.20094609260559082,0.10047304630279541,0.01009483303336367,0.0,0.0,0.0,0.0,0.0,0,3,0.0,1.0,0,0.0,1.0,3,0,0,0,0,1.0,0.0,0.0,0.0,0.0,0.0,0.0,0.20094609260559082
QUIC_CONNECT1.pcap,172.16.0.36:48525->172.19.0.8:443,3,172.16.0.36,48525,172.19.0.8,443,3,3,0,3882,3882,0,1294.0,1294,1294,0.0,0.0,0.0,1294.0,1294,1294,0.0,0.0,0.0,0.0,0,0,0.0,0.0,0.0,0.10047698020935059,0.0,0.20095396041870117,0.10047698020935059,0.01009562355199023,0.10047698020935059,0.0,0.20095396041870117,0.10047698020935059,0.01009562355199023,0.0,0.0,0.0,0.0,0.0,0,3,0.0,1.0,0,0.0,1.0,3,0,0,0,0,1.0,0.0,0.0,0.0,0.0,0.0,0.0,0.20095396041870117
QUIC_CONNECT1.pcap,172.16.0.62:37440->172.19.0.8:443,3,172.16.0.62,37440,172.19.0.8,443,3,3,0,3882,3882,0,1294.0,1294,1294,0.0,0.0,0.0,1294.0,1294,1294,0.0,0.0,0.0,0.0,0,0,0.0,0.0,0.0,0.10048604011535645,0.00019407272338867188,0.20077800750732422,0.10029196739196777,0.010058478723351527,0.10048604011535645,0.00019407272338867188,0.20077800750732422,0.10029196739196777,0.010058478723351527,0.0,0.0,0.0,0.0,0.0,0,3,0.0,1.0,0,0.0,1.0,3,0,0,0,0,1.0,0.0,0.0,0.0,0.0,0.0,0.0,0.2009720802307129
QUIC_CONNECT1.pcap,172.16.0.60:50966->172.19.0.8:443,3,172.16.0.60,50966,172.19.0.8,443,3,3,0,3882,3882,0,1294.0,1294,1294,0.0,0.0,0.0,1294.0,1294,1294,0.0,0.0,0.0,0.0,0,0,0.0,0.0,0.0,0.10020649433135986,7.295608520507812e-05,0.20034003257751465,0.10013353824615479,0.010026725481694143,0.10020649433135986,7.295608520507812e-05,0.20034003257751465,0.10013353824615479,0.010026725481694143,0.0,0.0,0.0,0.0,0.0,0,3,0.0,1.0,0,0.0,1.0,3,0,0,0,0,1.0,0.0,0.0,0.0,0.0,0.0,0.0,0.20041298866271973
QUIC_CONNECT1.pcap,172.16.0.44:43441->172.19.0.8:443,3,172.16.0.44,43441,172.19.0.8,443,3,3,0,3882,3882,0,1294.0,1294,1294,0.0,0.0,0.0,1294.0,1294,1294,0.0,0.0,0.0,0.0,0,0,0.0,0.0,0.0,0.10019493103027344,7.867813110351562e-06,0.20038199424743652,0.10018706321716309,0.010037447636079833,0.10019493103027344,7.867813110351562e-06,0.20038199424743652,0.10018706321716309,0.010037447636079833,0.0,0.0,0.0,0.0,0.0,0,3,0.0,1.0,0,0.0,1.0,3,0,0,0,0,1.0,0.0,0.0,0.0,0.0,0.0,0.0,0.20038986206054688
QUIC_CONNECT1.pcap,172.16.0.40:56035->172.19.0.8:443,3,172.16.0.40,56035,172.19.0.8,443,3,3,0,3882,3882,0,1294.0,1294,1294,0.0,0.0,0.0,1294.0,1294,1294,0.0,0.0,0.0,0.0,0,0,0.0,0.0,0.0,0.10036301612854004,0.0,0.20072603225708008,0.10036301612854004,0.010072735006417588,0.10036301612854004,0.0,0.20072603225708008,0.10036301612854004,0.010072735006417588,0.0,0.0,0.0,0.0,0.0,0,3,0.0,1.0,0,0.0,1.0,3,0,0,0,0,1.0,0.0,0.0,0.0,0.0,0.0,0.0,0.20072603225708008
QUIC_CONNECT1.pcap,172.16.0.38:34631->172.19.0.8:443,3,172.16.0.38,34631,172.19.0.8,443,3,3,0,3882,3882,0,1294.0,1294,1294,0.0,0.0,0.0,1294.0,1294,1294,0.0,0.0,0.0,0.0,0,0,0.0,0.0,0.0,0.10039746761322021,2.5987625122070312e-05,0.20076894760131836,0.10037147998809814,0.010074433995001186,0.10039746761322021,2.5987625122070312e-05,0.20076894760131836,0.10037147998809814,0.010074433995001186,0.0,0.0,0.0,0.0,0.0,0,3,0.0,1.0,0,0.0,1.0,3,0,0,0,0,1.0,0.0,0.0,0.0,0.0,0.0,0.0,0.20079493522644043
QUIC_CONNECT1.pcap,172.16.0.61:45913->172.19.0.8:443,3,172.16.0.61,45913,172.19.0.8,443,3,3,0,3882,3882,0,1294.0,1294,1294,0.0,0.0,0.0,1294.0,1294,1294,0.0,0.0,0.0,0.0,0,0,0.0,0.0,0.0,0.10008847713470459,2.5987625122070312e-05,0.2001509666442871,0.10006248950958252,0.010012501806855312,0.10008847713470459,2.5987625122070312e-05,0.2001509666442871,0.10006248950958252,0.010012501806855312,0.0,0.0,0.0,0.0,0.0,0,3,0.0,1.0,0,0.0,1.0,3,0,0,0,0,1.0,0.0,0.0,0.0,0.0,0.0,0.0,0.20017695426940918
QUIC_CONNECT1.pcap,172.16.0.53:33418->172.19.0.8:443,3,172.16.0.53,33418,172.19.0.8,443,3,3,0,3882,3882,0,1294.0,1294,1294,0.0,0.0,0.0,1294.0,1294,1294,0.0,0.0,0.0,0.0,0,0,0.0,0.0,0.0,0.10005104541778564,1.3113021850585938e-05,0.2000889778137207,0.10003793239593506,0.010007587918053673,0.10005104541778564,1.3113021850585938e-05,0.2000889778137207,0.10003793239593506,0.010007587918053673,0.0,0.0,0.0,0.0,0.0,0,3,0.0,1.0,0,0.0,1.0,3,0,0,0,0,1.0,0.0,0.0,0.0,0.0,0.0,0.0,0.2001020908355713
QUIC_CONNECT1.pcap,172.16.0.47:35985->172.19.0.8:443,3,172.16.0.47,35985,172.19.0.8,443,3,3,0,3882,3882,0,1294.0,1294,1294,0.0,0.0,0.0,1294.0,1294,1294,0.0,0.0,0.0,0.0,0,0,0.0,0.0,0.0,0.10040903091430664,3.218650817871094e-05,0.20078587532043457,0.10037684440612793,0.010075510892932016,0.10040903091430664,3.218650817871094e-05,0.20078587532043457,0.10037684440612793,0.010075510892932016,0.0,0.0,0.0,0.0,0.0,0,3,0.0,1.0,0,0.0,1.0,3,0,0,0,0,1.0,0.0,0.0,0.0,0.0,0.0,0.0,0.20081806182861328
QUIC_CONNECT1.pcap,172.16.0.56:42190->172.19.0.8:443,3,172.16.0.56,42190,172.19.0.8,443,3,3,0,3882,3882,0,1294.0,1294,1294,0.0,0.0,0.0,1294.0,1294,1294,0.0,0.0,0.0,0.0,0,0,0.0,0.0,0.0,0.10043096542358398,0.0001399517059326172,0.20072197914123535,0.10029101371765137,0.010058287432514135,0.10043096542358398,0.0001399517059326172,0.20072197914123535,0.10029101371765137,0.010058287432514135,0.0,0.0,0.0,0.0,0.0,0,3,0.0,1.0,0,0.0,1.0,3,0,0,0,0,1.0,0.0,0.0,0.0,0.0,0.0,0.0,0.20086193084716797
QUIC_CONNECT1.pcap,172.16.0.54:44785->172.19.0.8:443,3,172.16.0.54,44785,172.19.0.8,443,3,3,0,3882,3882,0,1294.0,1294,1294,0.0,0.0,0.0,1294.0,1294,1294,0.0,0.0,0.0,0.0,0,0,0.0,0.0,0.0,0.1002810001373291,0.0,0.2005620002746582,0.1002810001373291,0.010056278988543,0.1002810001373291,0.0,0.2005620002746582,0.1002810001373291,0.010056278988543,0.0,0.0,0.0,0.0,0.0,0,3,0.0,1.0,0,0.0,1.0,3,0,0,0,0,1.0,0.0,0.0,0.0,0.0,0.0,0.0,0.2005620002746582
QUIC_CONNECT1.pcap,172.16.0.42:38924->172.19.0.8:443,3,172.16.0.42,38924,172.19.0.8,443,3,3,0,3882,3882,0,1294.0,1294,1294,0.0,0.0,0.0,1294.0,1294,1294,0.0,0.0,0.0,0.0,0,0,0.0,0.0,0.0,0.10044646263122559,2.288818359375e-05,0.20087003707885742,0.10042357444763184,0.010084894304839054,0.10044646263122559,2.288818359375e-05,0.20087003707885742,0.10042357444763184,0.010084894304839054,0.0,0.0,0.0,0.0,0.0,0,3,0.0,1.0,0,0.0,1.0,3,0,0,0,0,1.0,0.0,0.0,0.0,0.0,0.0,0.0,0.20089292526245117
QUIC_CONNECT1.pcap,172.16.0.46:46391->172.19.0.8:443,3,172.16.0.46,46391,172.19.0.8,443,3,3,0,3882,3882,0,1294.0,1294,1294,0.0,0.0,0.0,1294.0,1294,1294,0.0,0.0,0.0,0.0,0,0,0.0,0.0,0.0,0.10026001930236816,3.0994415283203125e-05,0.20048904418945312,0.10022902488708496,0.010045857429815896,0.10026001930236816,3.0994415283203125e-05,0.20048904418945312,0.10022902488708496,0.010045857429815896,0.0,0.0,0.0,0.0,0.0,0,3,0.0,1.0,0,0.0,1.0,3,0,0,0,0,1.0,0.0,0.0,0.0,0.0,0.0,0.0,0.20052003860473633
QUIC_CONNECT1.pcap,172.16.0.33:33554->172.19.0.8:443,3,172.16.0.33,33554,172.19.0.8,443,3,3,0,3882,3882,0,1294.0,1294,1294,0.0,0.0,0.0,1294.0,1294,1294,0.0,0.0,0.0,0.0,0,0,0.0,0.0,0.0,0.09977293014526367,1.1920928955078125e-05,0.19953393936157227,0.0997610092163086,0.009952258959856408,0.09977293014526367,1.1920928955078125e-05,0.19953393936157227,0.0997610092163086,0.009952258959856408,0.0,0.0,0.0,0.0,0.0,0,3,0.0,1.0,0,0.0,1.0,3,0,0,0,0,1.0,0.0,0.0,0.0,0.0,0.0,0.0,0.19954586029052734
QUIC_CONNECT1.pcap,172.16.0.43:51375->172.19.0.8:443,3,172.16.0.43,51375,172.19.0.8,443,3,3,0,3882,3882,0,1294.0,1294,1294,0.0,0.0,0.0,1294.0,1294,1294,0.0,0.0,0.0,0.0,0,0,0.0,0.0,0.0,0.09948205947875977,7.915496826171875e-05,0.1988849639892578,0.09940290451049805,0.009880937425123193,0.09948205947875977,7.915496826171875e-05,0.1988849639892578,0.09940290451049805,0.009880937425123193,0.0,0.0,0.0,0.0,0.0,0,3,0.0,1.0,0,0.0,1.0,3,0,0,0,0,1.0,0.0,0.0,0.0,0.0,0.0,0.0,0.19896411895751953
QUIC_CONNECT1.pcap,172.16.0.51:55933->172.19.0.8:443,3,172.16.0.51,55933,172.19.0.8,443,3,3,0,3882,3882,0,1294.0,1294,1294,0.0,0.0,0.0,1294.0,1294,1294,0.0,0.0,0.0,0.0,0,0,0.0,0.0,0.0,0.10023999214172363,0.0,0.20047998428344727,0.10023999214172363,0.010048056024572816,0.10023999214172363,0.0,0.20047998428344727,0.10023999214172363,0.010048056024572816,0.0,0.0,0.0,0.0,0.0,0,3,0.0,1.0,0,0.0,1.0,3,0,0,0,0,1.0,0.0,0.0,0.0,0.0,0.0,0.0,0.20047998428344727
QUIC_CONNECT1.pcap,172.16.0.39:34508->172.19.0.8:443,3,172.16.0.39,34508,172.19.0.8,443,3,3,0,3882,3882,0,1294.0,1294,1294,0.0,0.0,0.0,1294.0,1294,1294,0.0,0.0,0.0,0.0,0,0,0.0,0.0,0.0,0.10026955604553223,1.9073486328125e-05,0.20052003860473633,0.1002504825592041,0.010050159253353286,0.10026955604553223,1.9073486328125e-05,0.20052003860473633,0.1002504825592041,0.010050159253353286,0.0,0.0,0.0,0.0,0.0,0,3,0.0,1.0,0,0.0,1.0,3,0,0,0,0,1.0,0.0,0.0,0.0,0.0,0.0,0.0,0.20053911209106445
QUIC_CONNECT1.pcap,172.16.0.34:51392->172.19.0.8:443,3,172.16.0.34,51392,172.19.0.8,443,3,3,0,3882,3882,0,1294.0,1294,1294,0.0,0.0,0.0,1294.0,1294,1294,0.0,0.0,0.0,0.0,0,0,0.0,0.0,0.0,0.1002650260925293,0.0,0.2005300521850586,0.1002650260925293,0.01005307545733558,0.1002650260925293,0.0,0.2005300521850586,0.1002650260925293,0.01005307545733558,0.0,0.0,0.0,0.0,0.0,0,3,0.0,1.0,0,0.0,1.0,3,0,0,0,0,1.0,0.0,0.0,0.0,0.0,0.0,0.0,0.2005300521850586
QUIC_CONNECT1.pcap,172.16.0.63:48169->172.19.0.8:443,3,172.16.0.63,48169,172.19.0.8,443,3,3,0,3882,3882,0,1294.0,1294,1294,0.0,0.0,0.0,1294.0,1294,1294,0.0,0.0,0.0,0.0,0,0,0.0,0.0,0.0,0.09876906871795654,0.0,0.19753813743591309,0.09876906871795654,0.009755328935412422,0.09876906871795654,0.0,0.19753813743591309,0.09876906871795654,0.009755328935412422,0.0,0.0,0.0,0.0,0.0,0,3,0.0,1.0,0,0.0,1.0,3,0,0,0,0,1.0,0.0,0.0,0.0,0.0,0.0,0.0,0.19753813743591309
QUIC_CONNECT1.pcap,172.16.0.32:59380->172.19.0.8:443,3,172.16.0.32,59380,172.19.0.8,443,3,3,0,3882,3882,0,1294.0,1294,1294,0.0,0.0,0.0,1294.0,1294,1294,0.0,0.0,0.0,0.0,0,0,0.0,0.0,0.0,0.09851610660552979,0.0,0.19703221321105957,0.09851610660552979,0.00970542326071211,0.09851610660552979,0.0,0.19703221321105957,0.09851610660552979,0.00970542326071211,0.0,0.0,0.0,0.0,0.0,0,3,0.0,1.0,0,0.0,1.0,3,0,0,0,0,1.0,0.0,0.0,0.0,0.0,0.0,0.0,0.19703221321105957
QUIC_CONNECT1.pcap,172.16.0.59:57058->172.19.0.8:443,3,172.16.0.59,57058,172.19.0.8,443,3,3,0,3882,3882,0,1294.0,1294,1294,0.0,0.0,0.0,1294.0,1294,1294,0.0,0.0,0.0,0.0,0,0,0.0,0.0,0.0,0.10004448890686035,9.5367431640625e-07,0.2000880241394043,0.10004353523254395,0.010008708941825262,0.10004448890686035,9.5367431640625e-07,0.2000880241394043,0.10004353523254395,0.010008708941825262,0.0,0.0,0.0,0.0,0.0,0,3,0.0,1.0,0,0.0,1.0,3,0,0,0,0,1.0,0.0,0.0,0.0,0.0,0.0,0.0,0.2000889778137207
QUIC_CONNECT1.pcap,172.16.0.57:60985->172.19.0.8:443,3,172.16.0.57,60985,172.19.0.8,443,3,3,0,3882,3882,0,1294.0,1294,1294,0.0,0.0,0.0,1294.0,1294,1294,0.0,0.0,0.0,0.0,0,0,0.0,0.0,0.0,0.09828054904937744,3.695487976074219e-05,0.19652414321899414,0.0982435941696167,0.009651803795364344,0.09828054904937744,3.695487976074219e-05,0.19652414321899414,0.0982435941696167,0.009651803795364344,0.0,0.0,0.0,0.0,0.0,0,3,0.0,1.0,0,0.0,1.0,3,0,0,0,0,1.0,0.0,0.0,0.0,0.0,0.0,0.0,0.19656109809875488
QUIC_CONNECT1.pcap,172.16.0.50:52979->172.19.0.8:443,3,172.16.0.50,52979,172.19.0.8,443,3,3,0,3882,3882,0,1294.0,1294,1294,0.0,0.0,0.0,1294.0,1294,1294,0.0,0.0,0.0,0.0,0,0,0.0,0.0,0.0,0.09051549434661865,0.0,0.1810309886932373,0.09051549434661865,0.008193054716812753,0.09051549434661865,0.0,0.1810309886932373,0.09051549434661865,0.008193054716812753,0.0,0.0,0.0,0.0,0.0,0,3,0.0,1.0,0,0.0,1.0,3,0,0,0,0,1.0,0.0,0.0,0.0,0.0,0.0,0.0,0.1810309886932373
QUIC_CONNECT1.pcap,172.16.0.49:46042->172.19.0.8:443,3,172.16.0.49,46042,172.19.0.8,443,3,3,0,3882,3882,0,1294.0,1294,1294,0.0,0.0,0.0,1294.0,1294,1294,0.0,0.0,0.0,0.0,0,0,0.0,0.0,0.0,0.10026097297668457,0.0,0.20052194595336914,0.10026097297668457,0.010052262702231474,0.10026097297668457,0.0,0.20052194595336914,0.10026097297668457,0.010052262702231474,0.0,0.0,0.0,0.0,0.0,0,3,0.0,1.0,0,0.0,1.0,3,0,0,0,0,1.0,0.0,0.0,0.0,0.0,0.0,0.0,0.20052194595336914
QUIC_CONNECT1.pcap,172.16.0.45:39758->172.19.0.8:443,3,172.16.0.45,39758,172.19.0.8,443,3,3,0,3882,3882,0,1294.0,1294,1294,0.0,0.0,0.0,1294.0,1294,1294,0.0,0.0,0.0,0.0,0,0,0.0,0.0,0.0,0.10023999214172363,0.0,0.20047998428344727,0.10023999214172363,0.010048056024572816,0.10023999214172363,0.0,0.20047998428344727,0.10023999214172363,0.010048056024572816,0.0,0.0,0.0,0.0,0.0,0,3,0.0,1.0,0,0.0,1.0,3,0,0,0,0,1.0,0.0,0.0,0.0,0.0,0.0,0.0,0.20047998428344727
QUIC_CONNECT1.pcap,172.16.0.52:45717->172.19.0.8:443,3,172.16.0.52,45717,172.19.0.8,443,3,3,0,3882,3882,0,1294.0,1294,1294,0.0,0.0,0.0,1294.0,1294,1294,0.0,0.0,0.0,0.0,0,0,0.0,0.0,0.0,0.10042846202850342,0.0,0.20085692405700684,0.10042846202850342,0.010085875985410553,0.10042846202850342,0.0,0.20085692405700684,0.10042846202850342,0.010085875985410553,0.0,0.0,0.0,0.0,0.0,0,3,0.0,1.0,0,0.0,1.0,3,0,0,0,0,1.0,0.0,0.0,0.0,0.0,0.0,0.0,0.20085692405700684
QUIC_CONNECT1.pcap,172.16.0.28:56414->172.19.0.8:443,3,172.16.0.28,56414,172.19.0.8,443,3,3,0,3882,3882,0,1294.0,1294,1294,0.0,0.0,0.0,1294.0,1294,1294,0.0,0.0,0.0,0.0,0,0,0.0,0.0,0.0,0.1002504825592041,0.0,0.2005009651184082,0.1002504825592041,0.010050159253353286,0.1002504825592041,0.0,0.2005009651184082,0.1002504825592041,0.010050159253353286,0.0,0.0,0.0,0.0,0.0,0,3,0.0,1.0,0,0.0,1.0,3,0,0,0,0,1.0,0.0,0.0,0.0,0.0,0.0,0.0,0.2005009651184082
QUIC_CONNECT1.pcap,172.16.0.24:58363->172.19.0.8:443,3,172.16.0.24,58363,172.19.0.8,443,3,3,0,3882,3882,0,1294.0,1294,1294,0.0,0.0,0.0,1294.0,1294,1294,0.0,0.0,0.0,0.0,0,0,0.0,0.0,0.0,0.08178746700286865,0.0,0.1635749340057373,0.08178746700286865,0.006689189758745329,0.08178746700286865,0.0,0.1635749340057373,0.08178746700286865,0.006689189758745329,0.0,0.0,0.0,0.0,0.0,0,3,0.0,1.0,0,0.0,1.0,3,0,0,0,0,1.0,0.0,0.0,0.0,0.0,0.0,0.0,0.1635749340057373
QUIC_CONNECT1.pcap,172.16.0.24:42213->172.19.0.8:443,3,172.16.0.24,42213,172.19.0.8,443,3,3,0,3882,3882,0,1294.0,1294,1294,0.0,0.0,0.0,1294.0,1294,1294,0.0,0.0,0.0,0.0,0,0,0.0,0.0,0.0,0.08916807174682617,7.152557373046875e-06,0.1783289909362793,0.08916091918945312,0.00794966951070819,0.08916807174682617,7.152557373046875e-06,0.1783289909362793,0.08916091918945312,0.00794966951070819,0.0,0.0,0.0,0.0,0.0,0,3,0.0,1.0,0,0.0,1.0,3,0,0,0,0,1.0,0.0,0.0,0.0,0.0,0.0,0.0,0.17833614349365234
QUIC_CONNECT1.pcap,172.16.0.24:37549->172.19.0.8:443,3,172.16.0.24,37549,172.19.0.8,443,3,3,0,3882,3882,0,1294.0,1294,1294,0.0,0.0,0.0,1294.0,1294,1294,0.0,0.0,0.0,0.0,0,0,0.0,0.0,0.0,0.08909296989440918,0.0,0.17818593978881836,0.08909296989440918,0.0079375572846061,0.08909296989440918,0.0,0.17818593978881836,0.08909296989440918,0.0079375572846061,0.0,0.0,0.0,0.0,0.0,0,3,0.0,1.0,0,0.0,1.0,3,0,0,0,0,1.0,0.0,0.0,0.0,0.0,0.0,0.0,0.17818593978881836
QUIC_CONNECT1.pcap,172.16.0.24:59879->172.19.0.8:443,3,172.16.0.24,59879,172.19.0.8,443,3,3,0,3882,3882,0,1294.0,1294,1294,0.0,0.0,0.0,1294.0,1294,1294,0.0,0.0,0.0,0.0,0,0,0.0,0.0,0.0,0.08914005756378174,0.0,0.17828011512756348,0.08914005756378174,0.007945949862474322,0.08914005756378174,0.0,0.17828011512756348,0.08914005756378174,0.007945949862474322,0.0,0.0,0.0,0.0,0.0,0,3,0.0,1.0,0,0.0,1.0,3,0,0,0,0,1.0,0.0,0.0,0.0,0.0,0.0,0.0,0.17828011512756348
QUIC_CONNECT1.pcap,172.16.0.24:49279->172.19.0.8:443,3,172.16.0.24,49279,172.19.0.8,443,3,3,0,3882,3882,0,1294.0,1294,1294,0.0,0.0,0.0,1294.0,1294,1294,0.0,0.0,0.0,0.0,0,0,0.0,0.0,0.0,0.08975350856781006,0.0,0.17950701713562012,0.08975350856781006,0.008055692300231954,0.08975350856781006,0.0,0.17950701713562012,0.08975350856781006,0.008055692300231954,0.0,0.0,0.0,0.0,0.0,0,3,0.0,1.0,0,0.0,1.0,3,0,0,0,0,1.0,0.0,0.0,0.0,0.0,0.0,0.0,0.17950701713562012
QUIC_CONNECT1.pcap,172.16.0.24:32774->172.19.0.8:443,3,172.16.0.24,32774,172.19.0.8,443,3,3,0,3882,3882,0,1294.0,1294,1294,0.0,0.0,0.0,1294.0,1294,1294,0.0,0.0,0.0,0.0,0,0,0.0,0.0,0.0,0.013520479202270508,3.1948089599609375e-05,0.027009010314941406,0.013488531112670898,0.00018194047157749083,0.013520479202270508,3.1948089599609375e-05,0.027009010314941406,0.013488531112670898,0.00018194047157749083,0.0,0.0,0.0,0.0,0.0,0,3,0.0,1.0,0,0.0,1.0,3,0,0,0,0,1.0,0.0,0.0,0.0,0.0,0.0,0.0,0.027040958404541016
QUIC_CONNECT1.pcap,172.16.0.24:43242->172.19.0.8:443,3,172.16.0.24,43242,172.19.0.8,443,3,3,0,3882,3882,0,1294.0,1294,1294,0.0,0.0,0.0,1294.0,1294,1294,0.0,0.0,0.0,0.0,0,0,0.0,0.0,0.0,0.1001894474029541,1.2874603271484375e-05,0.20036602020263672,0.10017657279968262,0.010035345737890111,0.1001894474029541,1.2874603271484375e-05,0.20036602020263672,0.10017657279968262,0.010035345737890111,0.0,0.0,0.0,0.0,0.0,0,3,0.0,1.0,0,0.0,1.0,3,0,0,0,0,1.0,0.0,0.0,0.0,0.0,0.0,0.0,0.2003788948059082
QUIC_CONNECT1.pcap,172.16.0.24:57770->172.19.0.8:443,3,172.16.0.24,57770,172.19.0.8,443,3,3,0,3882,3882,0,1294.0,1294,1294,0.0,0.0,0.0,1294.0,1294,1294,0.0,0.0,0.0,0.0,0,0,0.0,0.0,0.0,0.100136399269104,0.0,0.200272798538208,0.100136399269104,0.010027298458581413,0.100136399269104,0.0,0.200272798538208,0.100136399269104,0.010027298458581413,0.0,0.0,0.0,0.0,0.0,0,3,0.0,1.0,0,0.0,1.0,3,0,0,0,0,1.0,0.0,0.0,0.0,0.0,0.0,0.0,0.200272798538208
QUIC_CONNECT1.pcap,172.16.0.48:44006->172.19.0.8:443,3,172.16.0.48,44006,172.19.0.8,443,3,3,0,3882,3882,0,1294.0,1294,1294,0.0,0.0,0.0,1294.0,1294,1294,0.0,0.0,0.0,0.0,0,0,0.0,0.0,0.0,0.1002119779586792,0.0,0.2004239559173584,0.1002119779586792,0.010042440526390806,0.1002119779586792,0.0,0.2004239559173584,0.1002119779586792,0.010042440526390806,0.0,0.0,0.0,0.0,0.0,0,3,0.0,1.0,0,0.0,1.0,3,0,0,0,0,1.0,0.0,0.0,0.0,0.0,0.0,0.0,0.2004239559173584
QUIC_CONNECT1.pcap,172.16.0.30:44645->172.19.0.8:443,3,172.16.0.30,44645,172.19.0.8,443,3,3,0,3882,3882,0,1294.0,1294,1294,0.0,0.0,0.0,1294.0,1294,1294,0.0,0.0,0.0,0.0,0,0,0.0,0.0,0.0,0.10038554668426514,0.0,0.20077109336853027,0.10038554668426514,0.010077257983098775,0.10038554668426514,0.0,0.20077109336853027,0.10038554668426514,0.010077257983098775,0.0,0.0,0.0,0.0,0.0,0,3,0.0,1.0,0,0.0,1.0,3,0,0,0,0,1.0,0.0,0.0,0.0,0.0,0.0,0.0,0.20077109336853027
QUIC_CONNECT1.pcap,172.16.0.37:54632->172.19.0.8:443,3,172.16.0.37,54632,172.19.0.8,443,3,3,0,3882,3882,0,1294.0,1294,1294,0.0,0.0,0.0,1294.0,1294,1294,0.0,0.0,0.0,0.0,0,0,0.0,0.0,0.0,0.10028445720672607,9.5367431640625e-07,0.20056796073913574,0.10028350353240967,0.010056781080734822,0.10028445720672607,9.5367431640625e-07,0.20056796073913574,0.10028350353240967,0.010056781080734822,0.0,0.0,0.0,0.0,0.0,0,3,0.0,1.0,0,0.0,1.0,3,0,0,0,0,1.0,0.0,0.0,0.0,0.0,0.0,0.0,0.20056891441345215
QUIC_CONNECT1.pcap,172.16.0.31:45128->172.19.0.8:443,3,172.16.0.31,45128,172.19.0.8,443,3,3,0,3882,3882,0,1294.0,1294,1294,0.0,0.0,0.0,1294.0,1294,1294,0.0,0.0,0.0,0.0,0,0,0.0,0.0,0.0,0.10051596164703369,0.0,0.20103192329406738,0.10051596164703369,0.010103458545827948,0.10051596164703369,0.0,0.20103192329406738,0.10051596164703369,0.010103458545827948,0.0,0.0,0.0,0.0,0.0,0,3,0.0,1.0,0,0.0,1.0,3,0,0,0,0,1.0,0.0,0.0,0.0,0.0,0.0,0.0,0.20103192329406738
QUIC_CONNECT1.pcap,172.16.0.41:59578->172.19.0.8:443,3,172.16.0.41,59578,172.19.0.8,443,3,3,0,3882,3882,0,1294.0,1294,1294,0.0,0.0,0.0,1294.0,1294,1294,0.0,0.0,0.0,0.0,0,0,0.0,0.0,0.0,0.04401254653930664,0.0,0.08802509307861328,0.04401254653930664,0.001937104252874633,0.04401254653930664,0.0,0.08802509307861328,0.04401254653930664,0.001937104252874633,0.0,0.0,0.0,0.0,0.0,0,3,0.0,1.0,0,0.0,1.0,3,0,0,0,0,1.0,0.0,0.0,0.0,0.0,0.0,0.0,0.08802509307861328
QUIC_CONNECT1.pcap,172.16.0.55:56929->172.19.0.8:443,3,172.16.0.55,56929,172.19.0.8,443,3,3,0,3882,3882,0,1294.0,1294,1294,0.0,0.0,0.0,1294.0,1294,1294,0.0,0.0,0.0,0.0,0,0,0.0,0.0,0.0,0.1004340648651123,0.0,0.2008681297302246,0.1004340648651123,0.010087001385329586,0.1004340648651123,0.0,0.2008681297302246,0.1004340648651123,0.010087001385329586,0.0,0.0,0.0,0.0,0.0,0,3,0.0,1.0,0,0.0,1.0,3,0,0,0,0,1.0,0.0,0.0,0.0,0.0,0.0,0.0,0.2008681297302246
QUIC_CONNECT1.pcap,172.16.0.26:52048->172.19.0.8:443,3,172.16.0.26,52048,172.19.0.8,443,3,3,0,3882,3882,0,1294.0,1294,1294,0.0,0.0,0.0,1294.0,1294,1294,0.0,0.0,0.0,0.0,0,0,0.0,0.0,0.0,0.10641849040985107,1.811981201171875e-05,0.21281886100769043,0.10640037059783936,0.011321038863357558,0.10641849040985107,1.811981201171875e-05,0.21281886100769043,0.10640037059783936,0.011321038863357558,0.0,0.0,0.0,0.0,0.0,0,3,0.0,1.0,0,0.0,1.0,3,0,0,0,0,1.0,0.0,0.0,0.0,0.0,0.0,0.0,0.21283698081970215
QUIC_CONNECT1.pcap,172.16.0.27:33172->172.19.0.8:443,3,172.16.0.27,33172,172.19.0.8,443,3,1,2,3882,1294,2588,1294.0,1294,1294,0.0,0.0,0.0,1294.0,1294,1294,0.0,0.0,0.0,1294.0,1294,1294,0.0,0.0,0.0,0.031314969062805176,0.00011682510375976562,0.06251311302185059,0.03119814395904541,0.0009733241864893216,0.0,0.0,0.0,0.0,0.0,0.00011682510375976562,0.00011682510375976562,0.00011682510375976562,0.0,0.0,0,3,0.0,1.0,0,0.0,1.0,1,2,0,0,0,0.3333333333333333,0.6666666666666666,0.0,0.0,0.0,0.9182958340544896,0.0,0.06262993812561035
QUIC_CONNECT1.pcap,172.16.0.25:33073->172.19.0.8:443,3,172.16.0.25,33073,172.19.0.8,443,3,1,2,3882,1294,2588,1294.0,1294,1294,0.0,0.0,0.0,1294.0,1294,1294,0.0,0.0,0.0,1294.0,1294,1294,0.0,0.0,0.0,0.034085988998413086,9.799003601074219e-05,0.06807398796081543,0.033987998962402344,0.0011551840734682628,0.0,0.0,0.0,0.0,0.0,9.799003601074219e-05,9.799003601074219e-05,9.799003601074219e-05,0.0,0.0,0,3,0.0,1.0,0,0.0,1.0,1,2,0,0,0,0.3333333333333333,0.6666666666666666,0.0,0.0,0.0,0.9182958340544896,0.0,0.06817197799682617
QUIC_CONNECT1.pcap,172.16.0.29:36801->172.19.0.8:443,3,172.16.0.29,36801,172.19.0.8,443,3,1,2,3882,1294,2588,1294.0,1294,1294,0.0,0.0,0.0,1294.0,1294,1294,0.0,0.0,0.0,1294.0,1294,1294,0.0,0.0,0.0,0.040846943855285645,0.000125885009765625,0.08156800270080566,0.04072105884552002,0.0016582046335003042,0.0,0.0,0.0,0.0,0.0,0.000125885009765625,0.000125885009765625,0.000125885009765625,0.0,0.0,0,3,0.0,1.0,0,0.0,1.0,1,2,0,0,0,0.3333333333333333,0.6666666666666666,0.0,0.0,0.0,0.9182958340544896,0.0,0.08169388771057129
QUIC_CONNECT1.pcap,172.16.0.58:58240->172.19.0.8:443,3,172.16.0.58,58240,172.19.0.8,443,3,1,2,3882,1294,2588,1294.0,1294,1294,0.0,0.0,0.0,1294.0,1294,1294,0.0,0.0,0.0,1294.0,1294,1294,0.0,0.0,0.0,0.03348743915557861,0.00010585784912109375,0.06686902046203613,0.03338158130645752,0.0011143299705196341,0.0,0.0,0.0,0.0,0.0,0.00010585784912109375,0.00010585784912109375,0.00010585784912109375,0.0,0.0,0,3,0.0,1.0,0,0.0,1.0,1,2,0,0,0,0.3333333333333333,0.6666666666666666,0.0,0.0,0.0,0.9182958340544896,0.0,0.06697487831115723
QUIC_CONNECT1.pcap,172.16.0.51:50754->172.19.0.8:443,3,172.16.0.51,50754,172.19.0.8,443,3,1,2,3882,1294,2588,1294.0,1294,1294,0.0,0.0,0.0,1294.0,1294,1294,0.0,0.0,0.0,1294.0,1294,1294,0.0,0.0,0.0,0.03658246994018555,0.00010204315185546875,0.07306289672851562,0.03648042678833008,0.0013308215386587108,0.0,0.0,0.0,0.0,0.0,0.00010204315185546875,0.00010204315185546875,0.00010204315185546875,0.0,0.0,0,3,0.0,1.0,0,0.0,1.0,1,2,0,0,0,0.3333333333333333,0.6666666666666666,0.0,0.0,0.0,0.9182958340544896,0.0,0.0731649398803711
QUIC_CONNECT1.pcap,172.16.0.46:33261->172.19.0.8:443,3,172.16.0.46,33261,172.19.0.8,443,3,1,2,3882,1294,2588,1294.0,1294,1294,0.0,0.0,0.0,1294.0,1294,1294,0.0,0.0,0.0,1294.0,1294,1294,0.0,0.0,0.0,0.010712027549743652,8.702278137207031e-05,0.021337032318115234,0.010625004768371582,0.00011289072632791886,0.0,0.0,0.0,0.0,0.0,8.702278137207031e-05,8.702278137207031e-05,8.702278137207031e-05,0.0,0.0,0,3,0.0,1.0,0,0.0,1.0,1,2,0,0,0,0.3333333333333333,0.6666666666666666,0.0,0.0,0.0,0.9182958340544896,0.0,0.021424055099487305
QUIC_CONNECT1.pcap,172.16.0.59:41499->172.19.0.8:443,3,172.16.0.59,41499,172.19.0.8,443,3,1,2,3882,1294,2588,1294.0,1294,1294,0.0,0.0,0.0,1294.0,1294,1294,0.0,0.0,0.0,1294.0,1294,1294,0.0,0.0,0.0,0.015351533889770508,8.797645568847656e-05,0.03061509132385254,0.015263557434082031,0.00023297618554352084,0.0,0.0,0.0,0.0,0.0,8.797645568847656e-05,8.797645568847656e-05,8.797645568847656e-05,0.0,0.0,0,3,0.0,1.0,0,0.0,1.0,1,2,0,0,0,0.3333333333333333,0.6666666666666666,0.0,0.0,0.0,0.9182958340544896,0.0,0.030703067779541016
QUIC_CONNECT1.pcap,172.16.0.57:42676->172.19.0.8:443,3,172.16.0.57,42676,172.19.0.8,443,3,1,2,3882,1294,2588,1294.0,1294,1294,0.0,0.0,0.0,1294.0,1294,1294,0.0,0.0,0.0,1294.0,1294,1294,0.0,0.0,0.0,0.06567656993865967,9.202957153320312e-05,0.13126111030578613,0.06558454036712646,0.004301331935167241,0.0,0.0,0.0,0.0,0.0,9.202957153320312e-05,9.202957153320312e-05,9.202957153320312e-05,0.0,0.0,0,3,0.0,1.0,0,0.0,1.0,1,2,0,0,0,0.3333333333333333,0.6666666666666666,0.0,0.0,0.0,0.9182958340544896,0.0,0.13135313987731934
QUIC_CONNECT1.pcap,172.16.0.40:41429->172.19.0.8:443,3,172.16.0.40,41429,172.19.0.8,443,3,1,2,3882,1294,2588,1294.0,1294,1294,0.0,0.0,0.0,1294.0,1294,1294,0.0,0.0,0.0,1294.0,1294,1294,0.0,0.0,0.0,0.08588206768035889,0.00022912025451660156,0.17153501510620117,0.08565294742584229,0.0073364274027341025,0.0,0.0,0.0,0.0,0.0,0.00022912025451660156,0.00022912025451660156,0.00022912025451660156,0.0,0.0,0,3,0.0,1.0,0,0.0,1.0,1,2,0,0,0,0.3333333333333333,0.6666666666666666,0.0,0.0,0.0,0.9182958340544896,0.0,0.17176413536071777
QUIC_CONNECT1.pcap,172.16.0.56:33070->172.19.0.8:443,3,172.16.0.56,33070,172.19.0.8,443,3,1,2,3882,1294,2588,1294.0,1294,1294,0.0,0.0,0.0,1294.0,1294,1294,0.0,0.0,0.0,1294.0,1294,1294,0.0,0.0,0.0,0.09054255485534668,9.703636169433594e-05,0.18098807334899902,0.09044551849365234,0.008180391815585608,0.0,0.0,0.0,0.0,0.0,9.703636169433594e-05,9.703636169433594e-05,9.703636169433594e-05,0.0,0.0,0,3,0.0,1.0,0,0.0,1.0,1,2,0,0,0,0.3333333333333333,0.6666666666666666,0.0,0.0,0.0,0.9182958340544896,0.0,0.18108510971069336
QUIC_CONNECT1.pcap,172.16.0.36:57949->172.19.0.8:443,3,172.16.0.36,57949,172.19.0.8,443,3,3,0,3882,3882,0,1294.0,1294,1294,0.0,0.0,0.0,1294.0,1294,1294,0.0,0.0,0.0,0.0,0,0,0.0,0.0,0.0,0.09883058071136475,9.5367431640625e-07,0.19766020774841309,0.09882962703704834,0.009767295180282076,0.09883058071136475,9.5367431640625e-07,0.19766020774841309,0.09882962703704834,0.009767295180282076,0.0,0.0,0.0,0.0,0.0,0,3,0.0,1.0,0,0.0,1.0,3,0,0,0,0,1.0,0.0,0.0,0.0,0.0,0.0,0.0,0.1976611614227295
QUIC_CONNECT1.pcap,172.16.0.44:45431->172.19.0.8:443,3,172.16.0.44,45431,172.19.0.8,443,3,3,0,3882,3882,0,1294.0,1294,1294,0.0,0.0,0.0,1294.0,1294,1294,0.0,0.0,0.0,0.0,0,0,0.0,0.0,0.0,0.09992349147796631,0.0,0.19984698295593262,0.09992349147796631,0.009984704149147205,0.09992349147796631,0.0,0.19984698295593262,0.09992349147796631,0.009984704149147205,0.0,0.0,0.0,0.0,0.0,0,3,0.0,1.0,0,0.0,1.0,3,0,0,0,0,1.0,0.0,0.0,0.0,0.0,0.0,0.0,0.19984698295593262
QUIC_CONNECT1.pcap,172.16.0.43:47593->172.19.0.8:443,3,172.16.0.43,47593,172.19.0.8,443,3,3,0,3882,3882,0,1294.0,1294,1294,0.0,0.0,0.0,1294.0,1294,1294,0.0,0.0,0.0,0.0,0,0,0.0,0.0,0.0,0.099295973777771,0.0,0.198591947555542,0.099295973777771,0.009859690408475785,0.099295973777771,0.0,0.198591947555542,0.099295973777771,0.009859690408475785,0.0,0.0,0.0,0.0,0.0,0,3,0.0,1.0,0,0.0,1.0,3,0,0,0,0,1.0,0.0,0.0,0.0,0.0,0.0,0.0,0.198591947555542
QUIC_CONNECT1.pcap,172.16.0.32:55027->172.19.0.8:443,3,172.16.0.32,55027,172.19.0.8,443,3,3,0,3882,3882,0,1294.0,1294,1294,0.0,0.0,0.0,1294.0,1294,1294,0.0,0.0,0.0,0.0,0,0,0.0,0.0,0.0,0.10033988952636719,5.2928924560546875e-05,0.20062685012817383,0.10028696060180664,0.010057474466748317,0.10033988952636719,5.2928924560546875e-05,0.20062685012817383,0.10028696060180664,0.010057474466748317,0.0,0.0,0.0,0.0,0.0,0,3,0.0,1.0,0,0.0,1.0,3,0,0,0,0,1.0,0.0,0.0,0.0,0.0,0.0,0.0,0.20067977905273438
QUIC_CONNECT1.pcap,172.16.0.53:47946->172.19.0.8:443,3,172.16.0.53,47946,172.19.0.8,443,3,3,0,3882,3882,0,1294.0,1294,1294,0.0,0.0,0.0,1294.0,1294,1294,0.0,0.0,0.0,0.0,0,0,0.0,0.0,0.0,0.09995448589324951,0.0,0.19990897178649902,0.09995448589324951,0.009990899250183816,0.09995448589324951,0.0,0.19990897178649902,0.09995448589324951,0.009990899250183816,0.0,0.0,0.0,0.0,0.0,0,3,0.0,1.0,0,0.0,1.0,3,0,0,0,0,1.0,0.0,0.0,0.0,0.0,0.0,0.0,0.19990897178649902
QUIC_CONNECT1.pcap,172.16.0.33:48842->172.19.0.8:443,3,172.16.0.33,48842,172.19.0.8,443,3,3,0,3882,3882,0,1294.0,1294,1294,0.0,0.0,0.0,1294.0,1294,1294,0.0,0.0,0.0,0.0,0,0,0.0,0.0,0.0,0.10006749629974365,1.2874603271484375e-05,0.20012211799621582,0.10005462169647217,0.010010927322824159,0.10006749629974365,1.2874603271484375e-05,0.20012211799621582,0.10005462169647217,0.010010927322824159,0.0,0.0,0.0,0.0,0.0,0,3,0.0,1.0,0,0.0,1.0,3,0,0,0,0,1.0,0.0,0.0,0.0,0.0,0.0,0.0,0.2001349925994873
QUIC_CONNECT1.pcap,172.16.0.63:38683->172.19.0.8:443,3,172.16.0.63,38683,172.19.0.8,443,3,3,0,3882,3882,0,1294.0,1294,1294,0.0,0.0,0.0,1294.0,1294,1294,0.0,0.0,0.0,0.0,0,0,0.0,0.0,0.0,0.10008251667022705,6.198883056640625e-05,0.2001030445098877,0.10002052783966064,0.01000410598932433,0.10008251667022705,6.198883056640625e-05,0.2001030445098877,0.10002052783966064,0.01000410598932433,0.0,0.0,0.0,0.0,0.0,0,3,0.0,1.0,0,0.0,1.0,3,0,0,0,0,1.0,0.0,0.0,0.0,0.0,0.0,0.0,0.2001650333404541
QUIC_CONNECT1.pcap,172.16.0.49:51424->172.19.0.8:443,3,172.16.0.49,51424,172.19.0.8,443,3,3,0,3882,3882,0,1294.0,1294,1294,0.0,0.0,0.0,1294.0,1294,1294,0.0,0.0,0.0,0.0,0,0,0.0,0.0,0.0,0.10023999214172363,2.6941299438476562e-05,0.2004530429840088,0.10021305084228516,0.01004265555911843,0.10023999214172363,2.6941299438476562e-05,0.2004530429840088,0.10021305084228516,0.01004265555911843,0.0,0.0,0.0,0.0,0.0,0,3,0.0,1.0,0,0.0,1.0,3,0,0,0,0,1.0,0.0,0.0,0.0,0.0,0.0,0.0,0.20047998428344727
QUIC_CONNECT1.pcap,172.16.0.39:58366->172.19.0.8:443,3,172.16.0.39,58366,172.19.0.8,443,3,3,0,3882,3882,0,1294.0,1294,1294,0.0,0.0,0.0,1294.0,1294,1294,0.0,0.0,0.0,0.0,0,0,0.0,0.0,0.0,0.10039055347442627,5.602836608886719e-05,0.20072507858276367,0.1003345251083374,0.010067016928715589,0.10039055347442627,5.602836608886719e-05,0.20072507858276367,0.1003345251083374,0.010067016928715589,0.0,0.0,0.0,0.0,0.0,0,3,0.0,1.0,0,0.0,1.0,3,0,0,0,0,1.0,0.0,0.0,0.0,0.0,0.0,0.0,0.20078110694885254
QUIC_CONNECT1.pcap,172.16.0.42:44968->172.19.0.8:443,3,172.16.0.42,44968,172.19.0.8,443,3,3,0,3882,3882,0,1294.0,1294,1294,0.0,0.0,0.0,1294.0,1294,1294,0.0,0.0,0.0,0.0,0,0,0.0,0.0,0.0,0.1002664566040039,0.0,0.2005329132080078,0.1002664566040039,0.010053362319922599,0.1002664566040039,0.0,0.2005329132080078,0.1002664566040039,0.010053362319922599,0.0,0.0,0.0,0.0,0.0,0,3,0.0,1.0,0,0.0,1.0,3,0,0,0,0,1.0,0.0,0.0,0.0,0.0,0.0,0.0,0.2005329132080078
QUIC_CONNECT1.pcap,172.16.0.61:51836->172.19.0.8:443,3,172.16.0.61,51836,172.19.0.8,443,3,3,0,3882,3882,0,1294.0,1294,1294,0.0,0.0,0.0,1294.0,1294,1294,0.0,0.0,0.0,0.0,0,0,0.0,0.0,0.0,0.10039997100830078,0.0,0.20079994201660156,0.10039997100830078,0.010080154178467637,0.10039997100830078,0.0,0.20079994201660156,0.10039997100830078,0.010080154178467637,0.0,0.0,0.0,0.0,0.0,0,3,0.0,1.0,0,0.0,1.0,3,0,0,0,0,1.0,0.0,0.0,0.0,0.0,0.0,0.0,0.20079994201660156
QUIC_CONNECT1.pcap,172.16.0.38:45184->172.19.0.8:443,3,172.16.0.38,45184,172.19.0.8,443,3,3,0,3882,3882,0,1294.0,1294,1294,0.0,0.0,0.0,1294.0,1294,1294,0.0,0.0,0.0,0.0,0,0,0.0,0.0,0.0,0.1002340316772461,0.0,0.2004680633544922,0.1002340316772461,0.010046861106275173,0.1002340316772461,0.0,0.2004680633544922,0.1002340316772461,0.010046861106275173,0.0,0.0,0.0,0.0,0.0,0,3,0.0,1.0,0,0.0,1.0,3,0,0,0,0,1.0,0.0,0.0,0.0,0.0,0.0,0.0,0.2004680633544922
QUIC_CONNECT1.pcap,172.16.0.34:49430->172.19.0.8:443,3,172.16.0.34,49430,172.19.0.8,443,3,3,0,3882,3882,0,1294.0,1294,1294,0.0,0.0,0.0,1294.0,1294,1294,0.0,0.0,0.0,0.0,0,0,0.0,0.0,0.0,0.10024058818817139,0.0,0.20048117637634277,0.10024058818817139,0.010048175520310565,0.10024058818817139,0.0,0.20048117637634277,0.10024058818817139,0.010048175520310565,0.0,0.0,0.0,0.0,0.0,0,3,0.0,1.0,0,0.0,1.0,3,0,0,0,0,1.0,0.0,0.0,0.0,0.0,0.0,0.0,0.20048117637634277
QUIC_CONNECT1.pcap,172.16.0.62:41031->172.19.0.8:443,3,172.16.0.62,41031,172.19.0.8,443,3,3,0,3882,3882,0,1294.0,1294,1294,0.0,0.0,0.0,1294.0,1294,1294,0.0,0.0,0.0,0.0,0,0,0.0,0.0,0.0,0.10005104541778564,3.314018249511719e-05,0.20006895065307617,0.10001790523529053,0.010003581367655556,0.10005104541778564,3.314018249511719e-05,0.20006895065307617,0.10001790523529053,0.010003581367655556,0.0,0.0,0.0,0.0,0.0,0,3,0.0,1.0,0,0.0,1.0,3,0,0,0,0,1.0,0.0,0.0,0.0,0.0,0.0,0.0,0.2001020908355713
QUIC_CONNECT1.pcap,172.16.0.54:47406->172.19.0.8:443,3,172.16.0.54,47406,172.19.0.8,443,3,3,0,3882,3882,0,1294.0,1294,1294,0.0,0.0,0.0,1294.0,1294,1294,0.0,0.0,0.0,0.0,0,0,0.0,0.0,0.0,0.1003119945526123,0.0,0.2006239891052246,0.1003119945526123,0.01006249625112332,0.1003119945526123,0.0,0.2006239891052246,0.1003119945526123,0.01006249625112332,0.0,0.0,0.0,0.0,0.0,0,3,0.0,1.0,0,0.0,1.0,3,0,0,0,0,1.0,0.0,0.0,0.0,0.0,0.0,0.0,0.2006239891052246
QUIC_CONNECT1.pcap,172.16.0.45:38829->172.19.0.8:443,3,172.16.0.45,38829,172.19.0.8,443,3,3,0,3882,3882,0,1294.0,1294,1294,0.0,0.0,0.0,1294.0,1294,1294,0.0,0.0,0.0,0.0,0,0,0.0,0.0,0.0,0.0660865306854248,4.315376281738281e-05,0.13212990760803223,0.06604337692260742,0.004361727635341595,0.0660865306854248,4.315376281738281e-05,0.13212990760803223,0.06604337692260742,0.004361727635341595,0.0,0.0,0.0,0.0,0.0,0,3,0.0,1.0,0,0.0,1.0,3,0,0,0,0,1.0,0.0,0.0,0.0,0.0,0.0,0.0,0.1321730613708496
QUIC_CONNECT1.pcap,172.16.0.60:51448->172.19.0.8:443,3,172.16.0.60,51448,172.19.0.8,443,3,3,0,3882,3882,0,1294.0,1294,1294,0.0,0.0,0.0,1294.0,1294,1294,0.0,0.0,0.0,0.0,0,0,0.0,0.0,0.0,0.10041546821594238,7.581710815429688e-05,0.20075511932373047,0.10033965110778809,0.010068045584432639,0.10041546821594238,7.581710815429688e-05,0.20075511932373047,0.10033965110778809,0.010068045584432639,0.0,0.0,0.0,0.0,0.0,0,3,0.0,1.0,0,0.0,1.0,3,0,0,0,0,1.0,0.0,0.0,0.0,0.0,0.0,0.0,0.20083093643188477
QUIC_CONNECT1.pcap,172.16.0.52:51105->172.19.0.8:443,3,172.16.0.52,51105,172.19.0.8,443,3,3,0,3882,3882,0,1294.0,1294,1294,0.0,0.0,0.0,1294.0,1294,1294,0.0,0.0,0.0,0.0,0,0,0.0,0.0,0.0,0.10009753704071045,3.1948089599609375e-05,0.2001631259918213,0.10006558895111084,0.010013122092132676,0.10009753704071045,3.1948089599609375e-05,0.2001631259918213,0.10006558895111084,0.010013122092132676,0.0,0.0,0.0,0.0,0.0,0,3,0.0,1.0,0,0.0,1.0,3,0,0,0,0,1.0,0.0,0.0,0.0,0.0,0.0,0.0,0.2001950740814209
QUIC_CONNECT1.pcap,172.16.0.24:42866->172.19.0.8:443,3,172.16.0.24,42866,172.19.0.8,443,3,3,0,3882,3882,0,1294.0,1294,1294,0.0,0.0,0.0,1294.0,1294,1294,0.0,0.0,0.0,0.0,0,0,0.0,0.0,0.0,0.10047292709350586,3.695487976074219e-05,0.20090889930725098,0.10043597221374512,0.010087384514520181,0.10047292709350586,3.695487976074219e-05,0.20090889930725098,0.10043597221374512,0.010087384514520181,0.0,0.0,0.0,0.0,0.0,0,3,0.0,1.0,0,0.0,1.0,3,0,0,0,0,1.0,0.0,0.0,0.0,0.0,0.0,0.0,0.20094585418701172
QUIC_CONNECT1.pcap,172.16.0.47:35040->172.19.0.8:443,3,172.16.0.47,35040,172.19.0.8,443,3,3,0,3882,3882,0,1294.0,1294,1294,0.0,0.0,0.0,1294.0,1294,1294,0.0,0.0,0.0,0.0,0,0,0.0,0.0,0.0,0.10038793087005615,4.1961669921875e-05,0.20073390007019043,0.10034596920013428,0.010069313534714297,0.10038793087005615,4.1961669921875e-05,0.20073390007019043,0.10034596920013428,0.010069313534714297,0.0,0.0,0.0,0.0,0.0,0,3,0.0,1.0,0,0.0,1.0,3,0,0,0,0,1.0,0.0,0.0,0.0,0.0,0.0,0.0,0.2007758617401123
QUIC_CONNECT1.pcap,172.16.0.50:40300->172.19.0.8:443,3,172.16.0.50,40300,172.19.0.8,443,3,3,0,3882,3882,0,1294.0,1294,1294,0.0,0.0,0.0,1294.0,1294,1294,0.0,0.0,0.0,0.0,0,0,0.0,0.0,0.0,0.04061698913574219,0.0,0.08123397827148438,0.04061698913574219,0.0016497398064529989,0.04061698913574219,0.0,0.08123397827148438,0.04061698913574219,0.0016497398064529989,0.0,0.0,0.0,0.0,0.0,0,3,0.0,1.0,0,0.0,1.0,3,0,0,0,0,1.0,0.0,0.0,0.0,0.0,0.0,0.0,0.08123397827148438
QUIC_CONNECT1.pcap,172.16.0.28:45523->172.19.0.8:443,3,172.16.0.28,45523,172.19.0.8,443,3,3,0,3882,3882,0,1294.0,1294,1294,0.0,0.0,0.0,1294.0,1294,1294,0.0,0.0,0.0,0.0,0,0,0.0,0.0,0.0,0.10046947002410889,0.0,0.20093894004821777,0.10046947002410889,0.010094114406925314,0.10046947002410889,0.0,0.20093894004821777,0.10046947002410889,0.010094114406925314,0.0,0.0,0.0,0.0,0.0,0,3,0.0,1.0,0,0.0,1.0,3,0,0,0,0,1.0,0.0,0.0,0.0,0.0,0.0,0.0,0.20093894004821777
QUIC_CONNECT1.pcap,172.16.0.48:56455->172.19.0.8:443,3,172.16.0.48,56455,172.19.0.8,443,3,3,0,3882,3882,0,1294.0,1294,1294,0.0,0.0,0.0,1294.0,1294,1294,0.0,0.0,0.0,0.0,0,0,0.0,0.0,0.0,0.10039401054382324,3.504753112792969e-05,0.20075297355651855,0.10035896301269531,0.010071921456983546,0.10039401054382324,3.504753112792969e-05,0.20075297355651855,0.10035896301269531,0.010071921456983546,0.0,0.0,0.0,0.0,0.0,0,3,0.0,1.0,0,0.0,1.0,3,0,0,0,0,1.0,0.0,0.0,0.0,0.0,0.0,0.0,0.20078802108764648
QUIC_CONNECT1.pcap,172.16.0.30:46712->172.19.0.8:443,3,172.16.0.30,46712,172.19.0.8,443,3,3,0,3882,3882,0,1294.0,1294,1294,0.0,0.0,0.0,1294.0,1294,1294,0.0,0.0,0.0,0.0,0,0,0.0,0.0,0.0,0.10033953189849854,2.4080276489257812e-05,0.2006549835205078,0.10031545162200928,0.010063189834127684,0.10033953189849854,2.4080276489257812e-05,0.2006549835205078,0.10031545162200928,0.010063189834127684,0.0,0.0,0.0,0.0,0.0,0,3,0.0,1.0,0,0.0,1.0,3,0,0,0,0,1.0,0.0,0.0,0.0,0.0,0.0,0.0,0.20067906379699707
QUIC_CONNECT1.pcap,172.16.0.55:56408->172.19.0.8:443,3,172.16.0.55,56408,172.19.0.8,443,3,3,0,3882,3882,0,1294.0,1294,1294,0.0,0.0,0.0,1294.0,1294,1294,0.0,0.0,0.0,0.0,0,0,0.0,0.0,0.0,0.10023307800292969,2.9087066650390625e-05,0.20043706893920898,0.1002039909362793,0.010040839799557943,0.10023307800292969,2.9087066650390625e-05,0.20043706893920898,0.1002039909362793,0.010040839799557943,0.0,0.0,0.0,0.0,0.0,0,3,0.0,1.0,0,0.0,1.0,3,0,0,0,0,1.0,0.0,0.0,0.0,0.0,0.0,0.0,0.20046615600585938
QUIC_CONNECT1.pcap,172.16.0.41:46797->172.19.0.8:443,3,172.16.0.41,46797,172.19.0.8,443,3,3,0,3882,3882,0,1294.0,1294,1294,0.0,0.0,0.0,1294.0,1294,1294,0.0,0.0,0.0,0.0,0,0,0.0,0.0,0.0,0.07342052459716797,1.9073486328125e-05,0.1468219757080078,0.07340145111083984,0.005387773025177012,0.07342052459716797,1.9073486328125e-05,0.1468219757080078,0.07340145111083984,0.005387773025177012,0.0,0.0,0.0,0.0,0.0,0,3,0.0,1.0,0,0.0,1.0,3,0,0,0,0,1.0,0.0,0.0,0.0,0.0,0.0,0.0,0.14684104919433594
QUIC_CONNECT1.pcap,172.16.0.37:49119->172.19.0.8:443,3,172.16.0.37,49119,172.19.0.8,443,3,3,0,3882,3882,0,1294.0,1294,1294,0.0,0.0,0.0,1294.0,1294,1294,0.0,0.0,0.0,0.0,0,0,0.0,0.0,0.0,0.10036599636077881,0.0,0.20073199272155762,0.10036599636077881,0.010073333225491865,0.10036599636077881,0.0,0.20073199272155762,0.10036599636077881,0.010073333225491865,0.0,0.0,0.0,0.0,0.0,0,3,0.0,1.0,0,0.0,1.0,3,0,0,0,0,1.0,0.0,0.0,0.0,0.0,0.0,0.0,0.20073199272155762
QUIC_CONNECT1.pcap,172.16.0.31:60460->172.19.0.8:443,3,172.16.0.31,60460,172.19.0.8,443,3,3,0,3882,3882,0,1294.0,1294,1294,0.0,0.0,0.0,1294.0,1294,1294,0.0,0.0,0.0,0.0,0,0,0.0,0.0,0.0,0.10023152828216553,0.0,0.20046305656433105,0.10023152828216553,0.010046359261778548,0.10023152828216553,0.0,0.20046305656433105,0.10023152828216553,0.010046359261778548,0.0,0.0,0.0,0.0,0.0,0,3,0.0,1.0,0,0.0,1.0,3,0,0,0,0,1.0,0.0,0.0,0.0,0.0,0.0,0.0,0.20046305656433105
QUIC_CONNECT1.pcap,172.16.0.26:57350->172.19.0.8:443,3,172.16.0.26,57350,172.19.0.8,443,3,3,0,3882,3882,0,1294.0,1294,1294,0.0,0.0,0.0,1294.0,1294,1294,0.0,0.0,0.0,0.0,0,0,0.0,0.0,0.0,0.10049998760223389,0.0,0.20099997520446777,0.10049998760223389,0.010100247508049165,0.10049998760223389,0.0,0.20099997520446777,0.10049998760223389,0.010100247508049165,0.0,0.0,0.0,0.0,0.0,0,3,0.0,1.0,0,0.0,1.0,3,0,0,0,0,1.0,0.0,0.0,0.0,0.0,0.0,0.0,0.20099997520446777
QUIC_CONNECT1.pcap,172.16.0.27:58229->172.19.0.8:443,3,172.16.0.27,58229,172.19.0.8,443,3,3,0,3882,3882,0,1294.0,1294,1294,0.0,0.0,0.0,1294.0,1294,1294,0.0,0.0,0.0,0.0,0,0,0.0,0.0,0.0,0.10013151168823242,0.0,0.20026302337646484,0.10013151168823242,0.010026319632970626,0.10013151168823242,0.0,0.20026302337646484,0.10013151168823242,0.010026319632970626,0.0,0.0,0.0,0.0,0.0,0,3,0.0,1.0,0,0.0,1.0,3,0,0,0,0,1.0,0.0,0.0,0.0,0.0,0.0,0.0,0.20026302337646484
QUIC_CONNECT1.pcap,172.16.0.25:60104->172.19.0.8:443,3,172.16.0.25,60104,172.19.0.8,443,3,3,0,3882,3882,0,1294.0,1294,1294,0.0,0.0,0.0,1294.0,1294,1294,0.0,0.0,0.0,0.0,0,0,0.0,0.0,0.0,0.10040497779846191,1.5020370483398438e-05,0.20079493522644043,0.10038995742797852,0.010078143552391339,0.10040497779846191,1.5020370483398438e-05,0.20079493522644043,0.10038995742797852,0.010078143552391339,0.0,0.0,0.0,0.0,0.0,0,3,0.0,1.0,0,0.0,1.0,3,0,0,0,0,1.0,0.0,0.0,0.0,0.0,0.0,0.0,0.20080995559692383
QUIC_CONNECT1.pcap,172.16.0.29:44790->172.19.0.8:443,3,172.16.0.29,44790,172.19.0.8,443,3,3,0,3882,3882,0,1294.0,1294,1294,0.0,0.0,0.0,1294.0,1294,1294,0.0,0.0,0.0,0.0,0,0,0.0,0.0,0.0,0.1002875566482544,0.0004119873046875,0.2001631259918213,0.0998755693435669,0.00997512935170164,0.1002875566482544,0.0004119873046875,0.2001631259918213,0.0998755693435669,0.00997512935170164,0.0,0.0,0.0,0.0,0.0,0,3,0.0,1.0,0,0.0,1.0,3,0,0,0,0,1.0,0.0,0.0,0.0,0.0,0.0,0.0,0.2005751132965088
QUIC_CONNECT1.pcap,172.16.0.58:34265->172.19.0.8:443,3,172.16.0.58,34265,172.19.0.8,443,3,3,0,3882,3882,0,1294.0,1294,1294,0.0,0.0,0.0,1294.0,1294,1294,0.0,0.0,0.0,0.0,0,0,0.0,0.0,0.0,0.10043394565582275,0.0,0.2008678913116455,0.10043394565582275,0.010086977439996758,0.10043394565582275,0.0,0.2008678913116455,0.10043394565582275,0.010086977439996758,0.0,0.0,0.0,0.0,0.0,0,3,0.0,1.0,0,0.0,1.0,3,0,0,0,0,1.0,0.0,0.0,0.0,0.0,0.0,0.0,0.2008678913116455
QUIC_CONNECT1.pcap,172.16.0.51:36107->172.19.0.8:443,3,172.16.0.51,36107,172.19.0.8,443,3,3,0,3882,3882,0,1294.0,1294,1294,0.0,0.0,0.0,1294.0,1294,1294,0.0,0.0,0.0,0.0,0,0,0.0,0.0,0.0,0.1002730131149292,5.412101745605469e-05,0.20049190521240234,0.10021889209747314,0.010043826333244965,0.1002730131149292,5.412101745605469e-05,0.20049190521240234,0.10021889209747314,0.010043826333244965,0.0,0.0,0.0,0.0,0.0,0,3,0.0,1.0,0,0.0,1.0,3,0,0,0,0,1.0,0.0,0.0,0.0,0.0,0.0,0.0,0.2005460262298584
QUIC_CONNECT1.pcap,172.16.0.43:59452->172.19.0.8:443,3,172.16.0.43,59452,172.19.0.8,443,3,3,0,3882,3882,0,1294.0,1294,1294,0.0,0.0,0.0,1294.0,1294,1294,0.0,0.0,0.0,0.0,0,0,0.0,0.0,0.0,0.10010600090026855,8.106231689453125e-06,0.20020389556884766,0.1000978946685791,0.010019588517081957,0.10010600090026855,8.106231689453125e-06,0.20020389556884766,0.1000978946685791,0.010019588517081957,0.0,0.0,0.0,0.0,0.0,0,3,0.0,1.0,0,0.0,1.0,3,0,0,0,0,1.0,0.0,0.0,0.0,0.0,0.0,0.0,0.2002120018005371
QUIC_CONNECT1.pcap,172.16.0.59:50741->172.19.0.8:443,3,172.16.0.59,50741,172.19.0.8,443,3,3,0,3882,3882,0,1294.0,1294,1294,0.0,0.0,0.0,1294.0,1294,1294,0.0,0.0,0.0,0.0,0,0,0.0,0.0,0.0,0.09995198249816895,2.7894973754882812e-05,0.199876070022583,0.09992408752441406,0.009984823267586762,0.09995198249816895,2.7894973754882812e-05,0.199876070022583,0.09992408752441406,0.009984823267586762,0.0,0.0,0.0,0.0,0.0,0,3,0.0,1.0,0,0.0,1.0,3,0,0,0,0,1.0,0.0,0.0,0.0,0.0,0.0,0.0,0.1999039649963379
QUIC_CONNECT1.pcap,172.16.0.40:53770->172.19.0.8:443,3,172.16.0.40,53770,172.19.0.8,443,3,3,0,3882,3882,0,1294.0,1294,1294,0.0,0.0,0.0,1294.0,1294,1294,0.0,0.0,0.0,0.0,0,0,0.0,0.0,0.0,0.10009491443634033,3.600120544433594e-05,0.20015382766723633,0.100058913230896,0.010011786116947974,0.10009491443634033,3.600120544433594e-05,0.20015382766723633,0.100058913230896,0.010011786116947974,0.0,0.0,0.0,0.0,0.0,0,3,0.0,1.0,0,0.0,1.0,3,0,0,0,0,1.0,0.0,0.0,0.0,0.0,0.0,0.0,0.20018982887268066
QUIC_CONNECT1.pcap,172.16.0.46:52313->172.19.0.8:443,3,172.16.0.46,52313,172.19.0.8,443,3,3,0,3882,3882,0,1294.0,1294,1294,0.0,0.0,0.0,1294.0,1294,1294,0.0,0.0,0.0,0.0,0,0,0.0,0.0,0.0,0.10049748420715332,3.0040740966796875e-05,0.20096492767333984,0.10046744346618652,0.010093707196631385,0.10049748420715332,3.0040740966796875e-05,0.20096492767333984,0.10046744346618652,0.010093707196631385,0.0,0.0,0.0,0.0,0.0,0,3,0.0,1.0,0,0.0,1.0,3,0,0,0,0,1.0,0.0,0.0,0.0,0.0,0.0,0.0,0.20099496841430664
QUIC_CONNECT1.pcap,172.16.0.52:36778->172.19.0.8:443,3,172.16.0.52,36778,172.19.0.8,443,3,3,0,3882,3882,0,1294.0,1294,1294,0.0,0.0,0.0,1294.0,1294,1294,0.0,0.0,0.0,0.0,0,0,0.0,0.0,0.0,0.10006201267242432,7.200241088867188e-05,0.20005202293395996,0.09999001026153564,0.009998002152102003,0.10006201267242432,7.200241088867188e-05,0.20005202293395996,0.09999001026153564,0.009998002152102003,0.0,0.0,0.0,0.0,0.0,0,3,0.0,1.0,0,0.0,1.0,3,0,0,0,0,1.0,0.0,0.0,0.0,0.0,0.0,0.0,0.20012402534484863
QUIC_CONNECT1.pcap,172.16.0.56:46201->172.19.0.8:443,3,172.16.0.56,46201,172.19.0.8,443,3,3,0,3882,3882,0,1294.0,1294,1294,0.0,0.0,0.0,1294.0,1294,1294,0.0,0.0,0.0,0.0,0,0,0.0,0.0,0.0,0.09986603260040283,9.584426879882812e-05,0.19963622093200684,0.099770188331604,0.009954090479723732,0.09986603260040283,9.584426879882812e-05,0.19963622093200684,0.099770188331604,0.009954090479723732,0.0,0.0,0.0,0.0,0.0,0,3,0.0,1.0,0,0.0,1.0,3,0,0,0,0,1.0,0.0,0.0,0.0,0.0,0.0,0.0,0.19973206520080566
QUIC_CONNECT1.pcap,172.16.0.53:49243->172.19.0.8:443,3,172.16.0.53,49243,172.19.0.8,443,3,3,0,3882,3882,0,1294.0,1294,1294,0.0,0.0,0.0,1294.0,1294,1294,0.0,0.0,0.0,0.0,0,0,0.0,0.0,0.0,0.09972703456878662,4.100799560546875e-05,0.19941306114196777,0.09968602657318115,0.009937303893948979,0.09972703456878662,4.100799560546875e-05,0.19941306114196777,0.09968602657318115,0.009937303893948979,0.0,0.0,0.0,0.0,0.0,0,3,0.0,1.0,0,0.0,1.0,3,0,0,0,0,1.0,0.0,0.0,0.0,0.0,0.0,0.0,0.19945406913757324
QUIC_CONNECT1.pcap,172.16.0.39:44394->172.19.0.8:443,3,172.16.0.39,44394,172.19.0.8,443,3,3,0,3882,3882,0,1294.0,1294,1294,0.0,0.0,0.0,1294.0,1294,1294,0.0,0.0,0.0,0.0,0,0,0.0,0.0,0.0,0.09942257404327393,2.8133392333984375e-05,0.19881701469421387,0.09939444065093994,0.009879254832313222,0.09942257404327393,2.8133392333984375e-05,0.19881701469421387,0.09939444065093994,0.009879254832313222,0.0,0.0,0.0,0.0,0.0,0,3,0.0,1.0,0,0.0,1.0,3,0,0,0,0,1.0,0.0,0.0,0.0,0.0,0.0,0.0,0.19884514808654785
QUIC_CONNECT1.pcap,172.16.0.34:46799->172.19.0.8:443,3,172.16.0.34,46799,172.19.0.8,443,3,3,0,3882,3882,0,1294.0,1294,1294,0.0,0.0,0.0,1294.0,1294,1294,0.0,0.0,0.0,0.0,0,0,0.0,0.0,0.0,0.09943699836730957,2.8848648071289062e-05,0.19884514808654785,0.09940814971923828,0.009881980230602494,0.09943699836730957,2.8848648071289062e-05,0.19884514808654785,0.09940814971923828,0.009881980230602494,0.0,0.0,0.0,0.0,0.0,0,3,0.0,1.0,0,0.0,1.0,3,0,0,0,0,1.0,0.0,0.0,0.0,0.0,0.0,0.0,0.19887399673461914
QUIC_CONNECT1.pcap,172.16.0.36:45426->172.19.0.8:443,3,172.16.0.36,45426,172.19.0.8,443,3,3,0,3882,3882,0,1294.0,1294,1294,0.0,0.0,0.0,1294.0,1294,1294,0.0,0.0,0.0,0.0,0,0,0.0,0.0,0.0,0.09981811046600342,0.0,0.19963622093200684,0.09981811046600342,0.009963655177003261,0.09981811046600342,0.0,0.19963622093200684,0.09981811046600342,0.009963655177003261,0.0,0.0,0.0,0.0,0.0,0,3,0.0,1.0,0,0.0,1.0,3,0,0,0,0,1.0,0.0,0.0,0.0,0.0,0.0,0.0,0.19963622093200684
QUIC_CONNECT1.pcap,172.16.0.32:36273->172.19.0.8:443,3,172.16.0.32,36273,172.19.0.8,443,3,3,0,3882,3882,0,1294.0,1294,1294,0.0,0.0,0.0,1294.0,1294,1294,0.0,0.0,0.0,0.0,0,0,0.0,0.0,0.0,0.10023951530456543,2.8133392333984375e-05,0.20045089721679688,0.10021138191223145,0.010042321064759108,0.10023951530456543,2.8133392333984375e-05,0.20045089721679688,0.10021138191223145,0.010042321064759108,0.0,0.0,0.0,0.0,0.0,0,3,0.0,1.0,0,0.0,1.0,3,0,0,0,0,1.0,0.0,0.0,0.0,0.0,0.0,0.0,0.20047903060913086
QUIC_CONNECT1.pcap,172.16.0.38:38464->172.19.0.8:443,3,172.16.0.38,38464,172.19.0.8,443,3,3,0,3882,3882,0,1294.0,1294,1294,0.0,0.0,0.0,1294.0,1294,1294,0.0,0.0,0.0,0.0,0,0,0.0,0.0,0.0,0.10054099559783936,3.0040740966796875e-05,0.20105195045471191,0.10051095485687256,0.010102452046240273,0.10054099559783936,3.0040740966796875e-05,0.20105195045471191,0.10051095485687256,0.010102452046240273,0.0,0.0,0.0,0.0,0.0,0,3,0.0,1.0,0,0.0,1.0,3,0,0,0,0,1.0,0.0,0.0,0.0,0.0,0.0,0.0,0.2010819911956787
QUIC_CONNECT1.pcap,172.16.0.44:58602->172.19.0.8:443,3,172.16.0.44,58602,172.19.0.8,443,3,3,0,3882,3882,0,1294.0,1294,1294,0.0,0.0,0.0,1294.0,1294,1294,0.0,0.0,0.0,0.0,0,0,0.0,0.0,0.0,0.10038292407989502,4.696846008300781e-05,0.20071887969970703,0.10033595561981201,0.010067303990140886,0.10038292407989502,4.696846008300781e-05,0.20071887969970703,0.10033595561981201,0.010067303990140886,0.0,0.0,0.0,0.0,0.0,0,3,0.0,1.0,0,0.0,1.0,3,0,0,0,0,1.0,0.0,0.0,0.0,0.0,0.0,0.0,0.20076584815979004
QUIC_CONNECT1.pcap,172.16.0.63:40085->172.19.0.8:443,3,172.16.0.63,40085,172.19.0.8,443,3,3,0,3882,3882,0,1294.0,1294,1294,0.0,0.0,0.0,1294.0,1294,1294,0.0,0.0,0.0,0.0,0,0,0.0,0.0,0.0,0.11576199531555176,2.4080276489257812e-05,0.23149991035461426,0.1157379150390625,0.01339526497758925,0.11576199531555176,2.4080276489257812e-05,0.23149991035461426,0.1157379150390625,0.01339526497758925,0.0,0.0,0.0,0.0,0.0,0,3,0.0,1.0,0,0.0,1.0,3,0,0,0,0,1.0,0.0,0.0,0.0,0.0,0.0,0.0,0.23152399063110352
QUIC_CONNECT1.pcap,172.16.0.33:50188->172.19.0.8:443,3,172.16.0.33,50188,172.19.0.8,443,3,3,0,3882,3882,0,1294.0,1294,1294,0.0,0.0,0.0,1294.0,1294,1294,0.0,0.0,0.0,0.0,0,0,0.0,0.0,0.0,0.10032951831817627,0.0,0.20065903663635254,0.10032951831817627,0.010066012245957268,0.10032951831817627,0.0,0.20065903663635254,0.10032951831817627,0.010066012245957268,0.0,0.0,0.0,0.0,0.0,0,3,0.0,1.0,0,0.0,1.0,3,0,0,0,0,1.0,0.0,0.0,0.0,0.0,0.0,0.0,0.20065903663635254
QUIC_CONNECT1.pcap,172.16.0.62:39410->172.19.0.8:443,3,172.16.0.62,39410,172.19.0.8,443,3,3,0,3882,3882,0,1294.0,1294,1294,0.0,0.0,0.0,1294.0,1294,1294,0.0,0.0,0.0,0.0,0,0,0.0,0.0,0.0,0.10034406185150146,7.796287536621094e-05,0.20061016082763672,0.10026609897613525,0.010053290603892151,0.10034406185150146,7.796287536621094e-05,0.20061016082763672,0.10026609897613525,0.010053290603892151,0.0,0.0,0.0,0.0,0.0,0,3,0.0,1.0,0,0.0,1.0,3,0,0,0,0,1.0,0.0,0.0,0.0,0.0,0.0,0.0,0.20068812370300293
QUIC_CONNECT1.pcap,172.16.0.57:46970->172.19.0.8:443,3,172.16.0.57,46970,172.19.0.8,443,3,3,0,3882,3882,0,1294.0,1294,1294,0.0,0.0,0.0,1294.0,1294,1294,0.0,0.0,0.0,0.0,0,0,0.0,0.0,0.0,0.11101806163787842,0.0,0.22203612327575684,0.11101806163787842,0.012325010009831772,0.11101806163787842,0.0,0.22203612327575684,0.11101806163787842,0.012325010009831772,0.0,0.0,0.0,0.0,0.0,0,3,0.0,1.0,0,0.0,1.0,3,0,0,0,0,1.0,0.0,0.0,0.0,0.0,0.0,0.0,0.22203612327575684
QUIC_CONNECT1.pcap,172.16.0.49:50332->172.19.0.8:443,3,172.16.0.49,50332,172.19.0.8,443,3,3,0,3882,3882,0,1294.0,1294,1294,0.0,0.0,0.0,1294.0,1294,1294,0.0,0.0,0.0,0.0,0,0,0.0,0.0,0.0,0.06810247898101807,0.0,0.13620495796203613,0.06810247898101807,0.0046379476433600075,0.06810247898101807,0.0,0.13620495796203613,0.06810247898101807,0.0046379476433600075,0.0,0.0,0.0,0.0,0.0,0,3,0.0,1.0,0,0.0,1.0,3,0,0,0,0,1.0,0.0,0.0,0.0,0.0,0.0,0.0,0.13620495796203613
QUIC_CONNECT1.pcap,172.16.0.45:56660->172.19.0.8:443,3,172.16.0.45,56660,172.19.0.8,443,3,3,0,3882,3882,0,1294.0,1294,1294,0.0,0.0,0.0,1294.0,1294,1294,0.0,0.0,0.0,0.0,0,0,0.0,0.0,0.0,0.06729602813720703,0.0,0.13459205627441406,0.06729602813720703,0.0045287554030437605,0.06729602813720703,0.0,0.13459205627441406,0.06729602813720703,0.0045287554030437605,0.0,0.0,0.0,0.0,0.0,0,3,0.0,1.0,0,0.0,1.0,3,0,0,0,0,1.0,0.0,0.0,0.0,0.0,0.0,0.0,0.13459205627441406
QUIC_CONNECT1.pcap,172.16.0.42:52627->172.19.0.8:443,3,172.16.0.42,52627,172.19.0.8,443,3,3,0,3882,3882,0,1294.0,1294,1294,0.0,0.0,0.0,1294.0,1294,1294,0.0,0.0,0.0,0.0,0,0,0.0,0.0,0.0,0.10025453567504883,3.0040740966796875e-05,0.20047903060913086,0.10022449493408203,0.010044949384791835,0.10025453567504883,3.0040740966796875e-05,0.20047903060913086,0.10022449493408203,0.010044949384791835,0.0,0.0,0.0,0.0,0.0,0,3,0.0,1.0,0,0.0,1.0,3,0,0,0,0,1.0,0.0,0.0,0.0,0.0,0.0,0.0,0.20050907135009766
QUIC_CONNECT1.pcap,172.16.0.60:48411->172.19.0.8:443,3,172.16.0.60,48411,172.19.0.8,443,3,3,0,3882,3882,0,1294.0,1294,1294,0.0,0.0,0.0,1294.0,1294,1294,0.0,0.0,0.0,0.0,0,0,0.0,0.0,0.0,0.06520640850067139,5.1975250244140625e-05,0.13036084175109863,0.06515443325042725,0.0042451001721843795,0.06520640850067139,5.1975250244140625e-05,0.13036084175109863,0.06515443325042725,0.0042451001721843795,0.0,0.0,0.0,0.0,0.0,0,3,0.0,1.0,0,0.0,1.0,3,0,0,0,0,1.0,0.0,0.0,0.0,0.0,0.0,0.0,0.13041281700134277
QUIC_CONNECT1.pcap,172.16.0.24:50460->172.19.0.8:443,3,172.16.0.24,50460,172.19.0.8,443,3,3,0,3882,3882,0,1294.0,1294,1294,0.0,0.0,0.0,1294.0,1294,1294,0.0,0.0,0.0,0.0,0,0,0.0,0.0,0.0,0.1002434492111206,0.0,0.2004868984222412,0.1002434492111206,0.010048749109742516,0.1002434492111206,0.0,0.2004868984222412,0.1002434492111206,0.010048749109742516,0.0,0.0,0.0,0.0,0.0,0,3,0.0,1.0,0,0.0,1.0,3,0,0,0,0,1.0,0.0,0.0,0.0,0.0,0.0,0.0,0.2004868984222412
QUIC_CONNECT1.pcap,172.16.0.54:38803->172.19.0.8:443,3,172.16.0.54,38803,172.19.0.8,443,3,3,0,3882,3882,0,1294.0,1294,1294,0.0,0.0,0.0,1294.0,1294,1294,0.0,0.0,0.0,0.0,0,0,0.0,0.0,0.0,0.07896804809570312,0.0,0.15793609619140625,0.07896804809570312,0.006235952620045282,0.07896804809570312,0.0,0.15793609619140625,0.07896804809570312,0.006235952620045282,0.0,0.0,0.0,0.0,0.0,0,3,0.0,1.0,0,0.0,1.0,3,0,0,0,0,1.0,0.0,0.0,0.0,0.0,0.0,0.0,0.15793609619140625
QUIC_CONNECT1.pcap,172.16.0.50:38910->172.19.0.8:443,3,172.16.0.50,38910,172.19.0.8,443,3,3,0,3882,3882,0,1294.0,1294,1294,0.0,0.0,0.0,1294.0,1294,1294,0.0,0.0,0.0,0.0,0,0,0.0,0.0,0.0,0.10012352466583252,2.5987625122070312e-05,0.20022106170654297,0.10009753704071045,0.0100195169216164,0.10012352466583252,2.5987625122070312e-05,0.20022106170654297,0.10009753704071045,0.0100195169216164,0.0,0.0,0.0,0.0,0.0,0,3,0.0,1.0,0,0.0,1.0,3,0,0,0,0,1.0,0.0,0.0,0.0,0.0,0.0,0.0,0.20024704933166504
QUIC_CONNECT1.pcap,172.16.0.61:56956->172.19.0.8:443,3,172.16.0.61,56956,172.19.0.8,443,3,3,0,3882,3882,0,1294.0,1294,1294,0.0,0.0,0.0,1294.0,1294,1294,0.0,0.0,0.0,0.0,0,0,0.0,0.0,0.0,0.10575258731842041,7.700920104980469e-05,0.21142816543579102,0.1056755781173706,0.011167327810440497,0.10575258731842041,7.700920104980469e-05,0.21142816543579102,0.1056755781173706,0.011167327810440497,0.0,0.0,0.0,0.0,0.0,0,3,0.0,1.0,0,0.0,1.0,3,0,0,0,0,1.0,0.0,0.0,0.0,0.0,0.0,0.0,0.21150517463684082
QUIC_CONNECT1.pcap,172.16.0.28:35070->172.19.0.8:443,3,172.16.0.28,35070,172.19.0.8,443,3,3,0,3882,3882,0,1294.0,1294,1294,0.0,0.0,0.0,1294.0,1294,1294,0.0,0.0,0.0,0.0,0,0,0.0,0.0,0.0,0.10050749778747559,3.0040740966796875e-05,0.20098495483398438,0.10047745704650879,0.010095719374533019,0.10050749778747559,3.0040740966796875e-05,0.20098495483398438,0.10047745704650879,0.010095719374533019,0.0,0.0,0.0,0.0,0.0,0,3,0.0,1.0,0,0.0,1.0,3,0,0,0,0,1.0,0.0,0.0,0.0,0.0,0.0,0.0,0.20101499557495117
QUIC_CONNECT1.pcap,172.16.0.47:37751->172.19.0.8:443,3,172.16.0.47,37751,172.19.0.8,443,3,3,0,3882,3882,0,1294.0,1294,1294,0.0,0.0,0.0,1294.0,1294,1294,0.0,0.0,0.0,0.0,0,0,0.0,0.0,0.0,0.10027205944061279,0.0,0.20054411888122559,0.10027205944061279,0.010054485904461785,0.10027205944061279,0.0,0.20054411888122559,0.10027205944061279,0.010054485904461785,0.0,0.0,0.0,0.0,0.0,0,3,0.0,1.0,0,0.0,1.0,3,0,0,0,0,1.0,0.0,0.0,0.0,0.0,0.0,0.0,0.20054411888122559
QUIC_CONNECT1.pcap,172.16.0.41:35340->172.19.0.8:443,3,172.16.0.41,35340,172.19.0.8,443,3,3,0,3882,3882,0,1294.0,1294,1294,0.0,0.0,0.0,1294.0,1294,1294,0.0,0.0,0.0,0.0,0,0,0.0,0.0,0.0,0.11857140064239502,4.1961669921875e-05,0.23710083961486816,0.11852943897247314,0.014049227903129236,0.11857140064239502,4.1961669921875e-05,0.23710083961486816,0.11852943897247314,0.014049227903129236,0.0,0.0,0.0,0.0,0.0,0,3,0.0,1.0,0,0.0,1.0,3,0,0,0,0,1.0,0.0,0.0,0.0,0.0,0.0,0.0,0.23714280128479004
QUIC_CONNECT1.pcap,172.16.0.48:45399->172.19.0.8:443,3,172.16.0.48,45399,172.19.0.8,443,3,3,0,3882,3882,0,1294.0,1294,1294,0.0,0.0,0.0,1294.0,1294,1294,0.0,0.0,0.0,0.0,0,0,0.0,0.0,0.0,0.10039091110229492,0.0,0.20078182220458984,0.10039091110229492,0.010078335031948882,0.10039091110229492,0.0,0.20078182220458984,0.10039091110229492,0.010078335031948882,0.0,0.0,0.0,0.0,0.0,0,3,0.0,1.0,0,0.0,1.0,3,0,0,0,0,1.0,0.0,0.0,0.0,0.0,0.0,0.0,0.20078182220458984
QUIC_CONNECT1.pcap,172.16.0.30:41967->172.19.0.8:443,3,172.16.0.30,41967,172.19.0.8,443,3,3,0,3882,3882,0,1294.0,1294,1294,0.0,0.0,0.0,1294.0,1294,1294,0.0,0.0,0.0,0.0,0,0,0.0,0.0,0.0,0.10045504570007324,2.6941299438476562e-05,0.200883150100708,0.10042810440063477,0.010085804153504796,0.10045504570007324,2.6941299438476562e-05,0.200883150100708,0.10042810440063477,0.010085804153504796,0.0,0.0,0.0,0.0,0.0,0,3,0.0,1.0,0,0.0,1.0,3,0,0,0,0,1.0,0.0,0.0,0.0,0.0,0.0,0.0,0.20091009140014648
QUIC_CONNECT1.pcap,172.16.0.55:54715->172.19.0.8:443,3,172.16.0.55,54715,172.19.0.8,443,3,3,0,3882,3882,0,1294.0,1294,1294,0.0,0.0,0.0,1294.0,1294,1294,0.0,0.0,0.0,0.0,0,0,0.0,0.0,0.0,0.10025644302368164,9.5367431640625e-07,0.20051193237304688,0.10025548934936523,0.010051163144680686,0.10025644302368164,9.5367431640625e-07,0.20051193237304688,0.10025548934936523,0.010051163144680686,0.0,0.0,0.0,0.0,0.0,0,3,0.0,1.0,0,0.0,1.0,3,0,0,0,0,1.0,0.0,0.0,0.0,0.0,0.0,0.0,0.20051288604736328
QUIC_CONNECT1.pcap,172.16.0.37:54971->172.19.0.8:443,3,172.16.0.37,54971,172.19.0.8,443,3,3,0,3882,3882,0,1294.0,1294,1294,0.0,0.0,0.0,1294.0,1294,1294,0.0,0.0,0.0,0.0,0,0,0.0,0.0,0.0,0.10025942325592041,0.0,0.20051884651184082,0.10025942325592041,0.010051951951609794,0.10025942325592041,0.0,0.20051884651184082,0.10025942325592041,0.010051951951609794,0.0,0.0,0.0,0.0,0.0,0,3,0.0,1.0,0,0.0,1.0,3,0,0,0,0,1.0,0.0,0.0,0.0,0.0,0.0,0.0,0.20051884651184082
QUIC_CONNECT1.pcap,172.16.0.31:58086->172.19.0.8:443,3,172.16.0.31,58086,172.19.0.8,443,3,3,0,3882,3882,0,1294.0,1294,1294,0.0,0.0,0.0,1294.0,1294,1294,0.0,0.0,0.0,0.0,0,0,0.0,0.0,0.0,0.10043203830718994,4.8160552978515625e-05,0.20081591606140137,0.10038387775421143,0.010076922912972464,0.10043203830718994,4.8160552978515625e-05,0.20081591606140137,0.10038387775421143,0.010076922912972464,0.0,0.0,0.0,0.0,0.0,0,3,0.0,1.0,0,0.0,1.0,3,0,0,0,0,1.0,0.0,0.0,0.0,0.0,0.0,0.0,0.20086407661437988
QUIC_CONNECT1.pcap,172.16.0.26:48766->172.19.0.8:443,3,172.16.0.26,48766,172.19.0.8,443,3,3,0,3882,3882,0,1294.0,1294,1294,0.0,0.0,0.0,1294.0,1294,1294,0.0,0.0,0.0,0.0,0,0,0.0,0.0,0.0,4.506111145019531e-05,9.059906005859375e-06,8.106231689453125e-05,3.600120544433594e-05,1.2960867934452835e-09,4.506111145019531e-05,9.059906005859375e-06,8.106231689453125e-05,3.600120544433594e-05,1.2960867934452835e-09,0.0,0.0,0.0,0.0,0.0,0,3,0.0,1.0,0,0.0,1.0,3,0,0,0,0,1.0,0.0,0.0,0.0,0.0,0.0,0.0,9.012222290039062e-05
QUIC_CONNECT1.pcap,172.16.0.27:39150->172.19.0.8:443,3,172.16.0.27,39150,172.19.0.8,443,3,3,0,3882,3882,0,1294.0,1294,1294,0.0,0.0,0.0,1294.0,1294,1294,0.0,0.0,0.0,0.0,0,0,0.0,0.0,0.0,0.10022902488708496,8.58306884765625e-05,0.20037221908569336,0.1001431941986084,0.010028659344300195,0.10022902488708496,8.58306884765625e-05,0.20037221908569336,0.1001431941986084,0.010028659344300195,0.0,0.0,0.0,0.0,0.0,0,3,0.0,1.0,0,0.0,1.0,3,0,0,0,0,1.0,0.0,0.0,0.0,0.0,0.0,0.0,0.20045804977416992
QUIC_CONNECT1.pcap,172.16.0.25:48406->172.19.0.8:443,3,172.16.0.25,48406,172.19.0.8,443,3,3,0,3882,3882,0,1294.0,1294,1294,0.0,0.0,0.0,1294.0,1294,1294,0.0,0.0,0.0,0.0,0,0,0.0,0.0,0.0,0.10029399394989014,0.0,0.20058798789978027,0.10029399394989014,0.0100588852224206,0.10029399394989014,0.0,0.20058798789978027,0.10029399394989014,0.0100588852224206,0.0,0.0,0.0,0.0,0.0,0,3,0.0,1.0,0,0.0,1.0,3,0,0,0,0,1.0,0.0,0.0,0.0,0.0,0.0,0.0,0.20058798789978027
QUIC_CONNECT1.pcap,172.16.0.29:55275->172.19.0.8:443,3,172.16.0.29,55275,172.19.0.8,443,3,3,0,3882,3882,0,1294.0,1294,1294,0.0,0.0,0.0,1294.0,1294,1294,0.0,0.0,0.0,0.0,0,0,0.0,0.0,0.0,0.10024547576904297,4.38690185546875e-05,0.20044708251953125,0.10020160675048828,0.010040361995379499,0.10024547576904297,4.38690185546875e-05,0.20044708251953125,0.10020160675048828,0.010040361995379499,0.0,0.0,0.0,0.0,0.0,0,3,0.0,1.0,0,0.0,1.0,3,0,0,0,0,1.0,0.0,0.0,0.0,0.0,0.0,0.0,0.20049095153808594
QUIC_CONNECT1.pcap,172.16.0.58:43600->172.19.0.8:443,3,172.16.0.58,43600,172.19.0.8,443,3,3,0,3882,3882,0,1294.0,1294,1294,0.0,0.0,0.0,1294.0,1294,1294,0.0,0.0,0.0,0.0,0,0,0.0,0.0,0.0,0.09719502925872803,1.1920928955078125e-06,0.19438886642456055,0.09719383716583252,0.009446641983018367,0.09719502925872803,1.1920928955078125e-06,0.19438886642456055,0.09719383716583252,0.009446641983018367,0.0,0.0,0.0,0.0,0.0,0,3,0.0,1.0,0,0.0,1.0,3,0,0,0,0,1.0,0.0,0.0,0.0,0.0,0.0,0.0,0.19439005851745605
QUIC_CONNECT1.pcap,172.16.0.51:38460->172.19.0.8:443,3,172.16.0.51,38460,172.19.0.8,443,3,3,0,3882,3882,0,1294.0,1294,1294,0.0,0.0,0.0,1294.0,1294,1294,0.0,0.0,0.0,0.0,0,0,0.0,0.0,0.0,0.10017645359039307,6.103515625e-05,0.20029187202453613,0.10011541843414307,0.010023097008243553,0.10017645359039307,6.103515625e-05,0.20029187202453613,0.10011541843414307,0.010023097008243553,0.0,0.0,0.0,0.0,0.0,0,3,0.0,1.0,0,0.0,1.0,3,0,0,0,0,1.0,0.0,0.0,0.0,0.0,0.0,0.0,0.20035290718078613
QUIC_CONNECT1.pcap,172.16.0.46:43492->172.19.0.8:443,3,172.16.0.46,43492,172.19.0.8,443,3,3,0,3882,3882,0,1294.0,1294,1294,0.0,0.0,0.0,1294.0,1294,1294,0.0,0.0,0.0,0.0,0,0,0.0,0.0,0.0,0.10025203227996826,6.29425048828125e-05,0.2004411220550537,0.10018908977508545,0.010037853709960132,0.10025203227996826,6.29425048828125e-05,0.2004411220550537,0.10018908977508545,0.010037853709960132,0.0,0.0,0.0,0.0,0.0,0,3,0.0,1.0,0,0.0,1.0,3,0,0,0,0,1.0,0.0,0.0,0.0,0.0,0.0,0.0,0.20050406455993652
QUIC_CONNECT1.pcap,172.16.0.42:39565->172.19.0.8:443,3,172.16.0.42,39565,172.19.0.8,443,3,1,2,3882,1294,2588,1294.0,1294,1294,0.0,0.0,0.0,1294.0,1294,1294,0.0,0.0,0.0,1294.0,1294,1294,0.0,0.0,0.0,0.05030107498168945,9.703636169433594e-05,0.10050511360168457,0.05020403861999512,0.0025204454937579612,0.0,0.0,0.0,0.0,0.0,9.703636169433594e-05,9.703636169433594e-05,9.703636169433594e-05,0.0,0.0,0,3,0.0,1.0,0,0.0,1.0,1,2,0,0,0,0.3333333333333333,0.6666666666666666,0.0,0.0,0.0,0.9182958340544896,0.0,0.1006021499633789
QUIC_CONNECT1.pcap,172.16.0.47:38599->172.19.0.8:443,3,172.16.0.47,38599,172.19.0.8,443,3,1,2,3882,1294,2588,1294.0,1294,1294,0.0,0.0,0.0,1294.0,1294,1294,0.0,0.0,0.0,1294.0,1294,1294,0.0,0.0,0.0,0.05468153953552246,7.295608520507812e-05,0.10929012298583984,0.05460858345031738,0.0029820973864502776,0.0,0.0,0.0,0.0,0.0,7.295608520507812e-05,7.295608520507812e-05,7.295608520507812e-05,0.0,0.0,0,3,0.0,1.0,0,0.0,1.0,1,2,0,0,0,0.3333333333333333,0.6666666666666666,0.0,0.0,0.0,0.9182958340544896,0.0,0.10936307907104492
QUIC_CONNECT1.pcap,172.16.0.52:52053->172.19.0.8:443,3,172.16.0.52,52053,172.19.0.8,443,3,1,2,3882,1294,2588,1294.0,1294,1294,0.0,0.0,0.0,1294.0,1294,1294,0.0,0.0,0.0,1294.0,1294,1294,0.0,0.0,0.0,0.059613585472106934,9.512901306152344e-05,0.11913204193115234,0.05951845645904541,0.0035424466592672843,0.0,0.0,0.0,0.0,0.0,9.512901306152344e-05,9.512901306152344e-05,9.512901306152344e-05,0.0,0.0,0,3,0.0,1.0,0,0.0,1.0,1,2,0,0,0,0.3333333333333333,0.6666666666666666,0.0,0.0,0.0,0.9182958340544896,0.0,0.11922717094421387
QUIC_CONNECT1.pcap,172.16.0.43:43690->172.19.0.8:443,3,172.16.0.43,43690,172.19.0.8,443,3,1,2,3882,1294,2588,1294.0,1294,1294,0.0,0.0,0.0,1294.0,1294,1294,0.0,0.0,0.0,1294.0,1294,1294,0.0,0.0,0.0,0.06409502029418945,9.584426879882812e-05,0.12809419631958008,0.06399917602539062,0.004095894531928934,0.0,0.0,0.0,0.0,0.0,9.584426879882812e-05,9.584426879882812e-05,9.584426879882812e-05,0.0,0.0,0,3,0.0,1.0,0,0.0,1.0,1,2,0,0,0,0.3333333333333333,0.6666666666666666,0.0,0.0,0.0,0.9182958340544896,0.0,0.1281900405883789
QUIC_CONNECT1.pcap,172.16.0.57:57688->172.19.0.8:443,3,172.16.0.57,57688,172.19.0.8,443,3,1,2,3882,1294,2588,1294.0,1294,1294,0.0,0.0,0.0,1294.0,1294,1294,0.0,0.0,0.0,1294.0,1294,1294,0.0,0.0,0.0,0.0687260627746582,0.000102996826171875,0.13734912872314453,0.06862306594848633,0.004709125180170304,0.0,0.0,0.0,0.0,0.0,0.000102996826171875,0.000102996826171875,0.000102996826171875,0.0,0.0,0,3,0.0,1.0,0,0.0,1.0,1,2,0,0,0,0.3333333333333333,0.6666666666666666,0.0,0.0,0.0,0.9182958340544896,0.0,0.1374521255493164
QUIC_CONNECT1.pcap,172.16.0.53:38990->172.19.0.8:443,3,172.16.0.53,38990,172.19.0.8,443,3,1,2,3882,1294,2588,1294.0,1294,1294,0.0,0.0,0.0,1294.0,1294,1294,0.0,0.0,0.0,1294.0,1294,1294,0.0,0.0,0.0,0.07839596271514893,9.894371032714844e-05,0.1566929817199707,0.07829701900482178,0.006130423185041423,0.0,0.0,0.0,0.0,0.0,9.894371032714844e-05,9.894371032714844e-05,9.894371032714844e-05,0.0,0.0,0,3,0.0,1.0,0,0.0,1.0,1,2,0,0,0,0.3333333333333333,0.6666666666666666,0.0,0.0,0.0,0.9182958340544896,0.0,0.15679192543029785
QUIC_CONNECT1.pcap,172.16.0.34:50210->172.19.0.8:443,3,172.16.0.34,50210,172.19.0.8,443,3,1,2,3882,1294,2588,1294.0,1294,1294,0.0,0.0,0.0,1294.0,1294,1294,0.0,0.0,0.0,1294.0,1294,1294,0.0,0.0,0.0,0.08336806297302246,0.00012612342834472656,0.1666100025177002,0.08324193954467773,0.006929220499159783,0.0,0.0,0.0,0.0,0.0,0.00012612342834472656,0.00012612342834472656,0.00012612342834472656,0.0,0.0,0,3,0.0,1.0,0,0.0,1.0,1,2,0,0,0,0.3333333333333333,0.6666666666666666,0.0,0.0,0.0,0.9182958340544896,0.0,0.16673612594604492
QUIC_CONNECT1.pcap,172.16.0.33:50259->172.19.0.8:443,3,172.16.0.33,50259,172.19.0.8,443,3,1,2,3882,1294,2588,1294.0,1294,1294,0.0,0.0,0.0,1294.0,1294,1294,0.0,0.0,0.0,1294.0,1294,1294,0.0,0.0,0.0,0.08858752250671387,9.894371032714844e-05,0.17707610130310059,0.08848857879638672,0.007830228577404341,0.0,0.0,0.0,0.0,0.0,9.894371032714844e-05,9.894371032714844e-05,9.894371032714844e-05,0.0,0.0,0,3,0.0,1.0,0,0.0,1.0,1,2,0,0,0,0.3333333333333333,0.6666666666666666,0.0,0.0,0.0,0.9182958340544896,0.0,0.17717504501342773
QUIC_CONNECT1.pcap,172.16.0.56:35083->172.19.0.8:443,3,172.16.0.56,35083,172.19.0.8,443,3,1,2,3882,1294,2588,1294.0,1294,1294,0.0,0.0,0.0,1294.0,1294,1294,0.0,0.0,0.0,1294.0,1294,1294,0.0,0.0,0.0,0.09349799156188965,9.703636169433594e-05,0.18689894676208496,0.09340095520019531,0.008723738432308892,0.0,0.0,0.0,0.0,0.0,9.703636169433594e-05,9.703636169433594e-05,9.703636169433594e-05,0.0,0.0,0,3,0.0,1.0,0,0.0,1.0,1,2,0,0,0,0.3333333333333333,0.6666666666666666,0.0,0.0,0.0,0.9182958340544896,0.0,0.1869959831237793
QUIC_CONNECT1.pcap,172.16.0.61:54037->172.19.0.8:443,3,172.16.0.61,54037,172.19.0.8,443,3,3,0,3882,3882,0,1294.0,1294,1294,0.0,0.0,0.0,1294.0,1294,1294,0.0,0.0,0.0,0.0,0,0,0.0,0.0,0.0,0.09878754615783691,0.0,0.19757509231567383,0.09878754615783691,0.009758979275886759,0.09878754615783691,0.0,0.19757509231567383,0.09878754615783691,0.009758979275886759,0.0,0.0,0.0,0.0,0.0,0,3,0.0,1.0,0,0.0,1.0,3,0,0,0,0,1.0,0.0,0.0,0.0,0.0,0.0,0.0,0.19757509231567383
QUIC_CONNECT1.pcap,172.16.0.40:54544->172.19.0.8:443,3,172.16.0.40,54544,172.19.0.8,443,3,3,0,3882,3882,0,1294.0,1294,1294,0.0,0.0,0.0,1294.0,1294,1294,0.0,0.0,0.0,0.0,0,0,0.0,0.0,0.0,0.09905445575714111,9.489059448242188e-05,0.1980140209197998,0.09895956516265869,0.009792995537182492,0.09905445575714111,9.489059448242188e-05,0.1980140209197998,0.09895956516265869,0.009792995537182492,0.0,0.0,0.0,0.0,0.0,0,3,0.0,1.0,0,0.0,1.0,3,0,0,0,0,1.0,0.0,0.0,0.0,0.0,0.0,0.0,0.19810891151428223
QUIC_CONNECT1.pcap,172.16.0.39:55154->172.19.0.8:443,3,172.16.0.39,55154,172.19.0.8,443,3,3,0,3882,3882,0,1294.0,1294,1294,0.0,0.0,0.0,1294.0,1294,1294,0.0,0.0,0.0,0.0,0,0,0.0,0.0,0.0,0.0986635684967041,0.0,0.1973271369934082,0.0986635684967041,0.009734499748503822,0.0986635684967041,0.0,0.1973271369934082,0.0986635684967041,0.009734499748503822,0.0,0.0,0.0,0.0,0.0,0,3,0.0,1.0,0,0.0,1.0,3,0,0,0,0,1.0,0.0,0.0,0.0,0.0,0.0,0.0,0.1973271369934082
QUIC_CONNECT1.pcap,172.16.0.38:60071->172.19.0.8:443,3,172.16.0.38,60071,172.19.0.8,443,3,3,0,3882,3882,0,1294.0,1294,1294,0.0,0.0,0.0,1294.0,1294,1294,0.0,0.0,0.0,0.0,0,0,0.0,0.0,0.0,0.09920001029968262,0.0001380443572998047,0.19826197624206543,0.09906196594238281,0.009813273096369812,0.09920001029968262,0.0001380443572998047,0.19826197624206543,0.09906196594238281,0.009813273096369812,0.0,0.0,0.0,0.0,0.0,0,3,0.0,1.0,0,0.0,1.0,3,0,0,0,0,1.0,0.0,0.0,0.0,0.0,0.0,0.0,0.19840002059936523
QUIC_CONNECT1.pcap,172.16.0.36:34836->172.19.0.8:443,3,172.16.0.36,34836,172.19.0.8,443,3,3,0,3882,3882,0,1294.0,1294,1294,0.0,0.0,0.0,1294.0,1294,1294,0.0,0.0,0.0,0.0,0,0,0.0,0.0,0.0,0.10004603862762451,0.0,0.20009207725524902,0.10004603862762451,0.010009209845080136,0.10004603862762451,0.0,0.20009207725524902,0.10004603862762451,0.010009209845080136,0.0,0.0,0.0,0.0,0.0,0,3,0.0,1.0,0,0.0,1.0,3,0,0,0,0,1.0,0.0,0.0,0.0,0.0,0.0,0.0,0.20009207725524902
QUIC_CONNECT1.pcap,172.16.0.62:53282->172.19.0.8:443,3,172.16.0.62,53282,172.19.0.8,443,3,3,0,3882,3882,0,1294.0,1294,1294,0.0,0.0,0.0,1294.0,1294,1294,0.0,0.0,0.0,0.0,0,0,0.0,0.0,0.0,0.10032343864440918,5.1021575927734375e-05,0.20059585571289062,0.10027241706848145,0.010054557624755489,0.10032343864440918,5.1021575927734375e-05,0.20059585571289062,0.10027241706848145,0.010054557624755489,0.0,0.0,0.0,0.0,0.0,0,3,0.0,1.0,0,0.0,1.0,3,0,0,0,0,1.0,0.0,0.0,0.0,0.0,0.0,0.0,0.20064687728881836
QUIC_CONNECT1.pcap,172.16.0.44:45616->172.19.0.8:443,3,172.16.0.44,45616,172.19.0.8,443,3,3,0,3882,3882,0,1294.0,1294,1294,0.0,0.0,0.0,1294.0,1294,1294,0.0,0.0,0.0,0.0,0,0,0.0,0.0,0.0,0.1003345251083374,2.288818359375e-05,0.20064616203308105,0.10031163692474365,0.010062424502521594,0.1003345251083374,2.288818359375e-05,0.20064616203308105,0.10031163692474365,0.010062424502521594,0.0,0.0,0.0,0.0,0.0,0,3,0.0,1.0,0,0.0,1.0,3,0,0,0,0,1.0,0.0,0.0,0.0,0.0,0.0,0.0,0.2006690502166748
QUIC_CONNECT1.pcap,172.16.0.63:33702->172.19.0.8:443,3,172.16.0.63,33702,172.19.0.8,443,3,3,0,3882,3882,0,1294.0,1294,1294,0.0,0.0,0.0,1294.0,1294,1294,0.0,0.0,0.0,0.0,0,0,0.0,0.0,0.0,0.100288987159729,0.0,0.200577974319458,0.100288987159729,0.010057880945524289,0.100288987159729,0.0,0.200577974319458,0.100288987159729,0.010057880945524289,0.0,0.0,0.0,0.0,0.0,0,3,0.0,1.0,0,0.0,1.0,3,0,0,0,0,1.0,0.0,0.0,0.0,0.0,0.0,0.0,0.200577974319458
QUIC_CONNECT1.pcap,172.16.0.24:37442->172.19.0.8:443,3,172.16.0.24,37442,172.19.0.8,443,3,3,0,3882,3882,0,1294.0,1294,1294,0.0,0.0,0.0,1294.0,1294,1294,0.0,0.0,0.0,0.0,0,0,0.0,0.0,0.0,0.10024845600128174,0.0,0.20049691200256348,0.10024845600128174,0.01004975293064092,0.10024845600128174,0.0,0.20049691200256348,0.10024845600128174,0.01004975293064092,0.0,0.0,0.0,0.0,0.0,0,3,0.0,1.0,0,0.0,1.0,3,0,0,0,0,1.0,0.0,0.0,0.0,0.0,0.0,0.0,0.20049691200256348
QUIC_CONNECT1.pcap,172.16.0.49:35829->172.19.0.8:443,3,172.16.0.49,35829,172.19.0.8,443,3,1,2,3882,1294,2588,1294.0,1294,1294,0.0,0.0,0.0,1294.0,1294,1294,0.0,0.0,0.0,1294.0,1294,1294,0.0,0.0,0.0,0.1302034854888916,9.417533874511719e-05,0.2603127956390381,0.13010931015014648,0.01692843258774701,0.0,0.0,0.0,0.0,0.0,9.417533874511719e-05,9.417533874511719e-05,9.417533874511719e-05,0.0,0.0,0,3,0.0,1.0,0,0.0,1.0,1,2,0,0,0,0.3333333333333333,0.6666666666666666,0.0,0.0,0.0,0.9182958340544896,0.0,0.2604069709777832
QUIC_CONNECT1.pcap,172.16.0.32:56006->172.19.0.8:443,3,172.16.0.32,56006,172.19.0.8,443,3,1,2,3882,1294,2588,1294.0,1294,1294,0.0,0.0,0.0,1294.0,1294,1294,0.0,0.0,0.0,1294.0,1294,1294,0.0,0.0,0.0,0.13133299350738525,9.512901306152344e-05,0.262570858001709,0.13123786449432373,0.017223377077030477,0.0,0.0,0.0,0.0,0.0,9.512901306152344e-05,9.512901306152344e-05,9.512901306152344e-05,0.0,0.0,0,3,0.0,1.0,0,0.0,1.0,1,2,0,0,0,0.3333333333333333,0.6666666666666666,0.0,0.0,0.0,0.9182958340544896,0.0,0.2626659870147705
QUIC_CONNECT1.pcap,172.16.0.60:35336->172.19.0.8:443,3,172.16.0.60,35336,172.19.0.8,443,3,3,0,3882,3882,0,1294.0,1294,1294,0.0,0.0,0.0,1294.0,1294,1294,0.0,0.0,0.0,0.0,0,0,0.0,0.0,0.0,0.07458901405334473,0.0,0.14917802810668945,0.07458901405334473,0.005563521017450057,0.07458901405334473,0.0,0.14917802810668945,0.07458901405334473,0.005563521017450057,0.0,0.0,0.0,0.0,0.0,0,3,0.0,1.0,0,0.0,1.0,3,0,0,0,0,1.0,0.0,0.0,0.0,0.0,0.0,0.0,0.14917802810668945
QUIC_CONNECT1.pcap,172.16.0.45:35651->172.19.0.8:443,3,172.16.0.45,35651,172.19.0.8,443,3,3,0,3882,3882,0,1294.0,1294,1294,0.0,0.0,0.0,1294.0,1294,1294,0.0,0.0,0.0,0.0,0,0,0.0,0.0,0.0,0.025844931602478027,0.0,0.051689863204956055,0.025844931602478027,0.0006679604895367675,0.025844931602478027,0.0,0.051689863204956055,0.025844931602478027,0.0006679604895367675,0.0,0.0,0.0,0.0,0.0,0,3,0.0,1.0,0,0.0,1.0,3,0,0,0,0,1.0,0.0,0.0,0.0,0.0,0.0,0.0,0.051689863204956055
QUIC_CONNECT1.pcap,172.16.0.54:57018->172.19.0.8:443,3,172.16.0.54,57018,172.19.0.8,443,3,3,0,3882,3882,0,1294.0,1294,1294,0.0,0.0,0.0,1294.0,1294,1294,0.0,0.0,0.0,0.0,0,0,0.0,0.0,0.0,0.10039997100830078,7.867813110351562e-06,0.2007920742034912,0.10039210319519043,0.010078574383953764,0.10039997100830078,7.867813110351562e-06,0.2007920742034912,0.10039210319519043,0.010078574383953764,0.0,0.0,0.0,0.0,0.0,0,3,0.0,1.0,0,0.0,1.0,3,0,0,0,0,1.0,0.0,0.0,0.0,0.0,0.0,0.0,0.20079994201660156
QUIC_CONNECT1.pcap,172.16.0.50:52062->172.19.0.8:443,3,172.16.0.50,52062,172.19.0.8,443,3,3,0,3882,3882,0,1294.0,1294,1294,0.0,0.0,0.0,1294.0,1294,1294,0.0,0.0,0.0,0.0,0,0,0.0,0.0,0.0,0.021064043045043945,0.0,0.04212808609008789,0.021064043045043945,0.0004436939094034642,0.021064043045043945,0.0,0.04212808609008789,0.021064043045043945,0.0004436939094034642,0.0,0.0,0.0,0.0,0.0,0,3,0.0,1.0,0,0.0,1.0,3,0,0,0,0,1.0,0.0,0.0,0.0,0.0,0.0,0.0,0.04212808609008789
QUIC_CONNECT1.pcap,172.16.0.28:53900->172.19.0.8:443,3,172.16.0.28,53900,172.19.0.8,443,3,3,0,3882,3882,0,1294.0,1294,1294,0.0,0.0,0.0,1294.0,1294,1294,0.0,0.0,0.0,0.0,0,0,0.0,0.0,0.0,0.10040545463562012,0.0,0.20081090927124023,0.10040545463562012,0.01008125532058557,0.10040545463562012,0.0,0.20081090927124023,0.10040545463562012,0.01008125532058557,0.0,0.0,0.0,0.0,0.0,0,3,0.0,1.0,0,0.0,1.0,3,0,0,0,0,1.0,0.0,0.0,0.0,0.0,0.0,0.0,0.20081090927124023
QUIC_CONNECT1.pcap,172.16.0.48:37157->172.19.0.8:443,3,172.16.0.48,37157,172.19.0.8,443,3,1,2,3882,1294,2588,1294.0,1294,1294,0.0,0.0,0.0,1294.0,1294,1294,0.0,0.0,0.0,1294.0,1294,1294,0.0,0.0,0.0,0.0410689115524292,9.799003601074219e-05,0.08203983306884766,0.04097092151641846,0.0016786164099045209,0.0,0.0,0.0,0.0,0.0,9.799003601074219e-05,9.799003601074219e-05,9.799003601074219e-05,0.0,0.0,0,3,0.0,1.0,0,0.0,1.0,1,2,0,0,0,0.3333333333333333,0.6666666666666666,0.0,0.0,0.0,0.9182958340544896,0.0,0.0821378231048584
QUIC_CONNECT1.pcap,172.16.0.30:50990->172.19.0.8:443,3,172.16.0.30,50990,172.19.0.8,443,3,1,2,3882,1294,2588,1294.0,1294,1294,0.0,0.0,0.0,1294.0,1294,1294,0.0,0.0,0.0,1294.0,1294,1294,0.0,0.0,0.0,0.0502699613571167,0.0001049041748046875,0.10043501853942871,0.05016505718231201,0.002516532962104634,0.0,0.0,0.0,0.0,0.0,0.0001049041748046875,0.0001049041748046875,0.0001049041748046875,0.0,0.0,0,3,0.0,1.0,0,0.0,1.0,1,2,0,0,0,0.3333333333333333,0.6666666666666666,0.0,0.0,0.0,0.9182958340544896,0.0,0.1005399227142334
QUIC_CONNECT1.pcap,172.16.0.37:60812->172.19.0.8:443,3,172.16.0.37,60812,172.19.0.8,443,3,1,2,3882,1294,2588,1294.0,1294,1294,0.0,0.0,0.0,1294.0,1294,1294,0.0,0.0,0.0,1294.0,1294,1294,0.0,0.0,0.0,0.04796099662780762,0.0001010894775390625,0.09582090377807617,0.047859907150268555,0.002290570712432327,0.0,0.0,0.0,0.0,0.0,0.0001010894775390625,0.0001010894775390625,0.0001010894775390625,0.0,0.0,0,3,0.0,1.0,0,0.0,1.0,1,2,0,0,0,0.3333333333333333,0.6666666666666666,0.0,0.0,0.0,0.9182958340544896,0.0,0.09592199325561523
QUIC_CONNECT1.pcap,172.16.0.31:45707->172.19.0.8:443,3,172.16.0.31,45707,172.19.0.8,443,3,1,2,3882,1294,2588,1294.0,1294,1294,0.0,0.0,0.0,1294.0,1294,1294,0.0,0.0,0.0,1294.0,1294,1294,0.0,0.0,0.0,0.05486595630645752,9.083747863769531e-05,0.10964107513427734,0.054775118827819824,0.003000313642601782,0.0,0.0,0.0,0.0,0.0,9.083747863769531e-05,9.083747863769531e-05,9.083747863769531e-05,0.0,0.0,0,3,0.0,1.0,0,0.0,1.0,1,2,0,0,0,0.3333333333333333,0.6666666666666666,0.0,0.0,0.0,0.9182958340544896,0.0,0.10973191261291504
QUIC_CONNECT1.pcap,172.16.0.27:36290->172.19.0.8:443,3,172.16.0.27,36290,172.19.0.8,443,3,3,0,3882,3882,0,1294.0,1294,1294,0.0,0.0,0.0,1294.0,1294,1294,0.0,0.0,0.0,0.0,0,0,0.0,0.0,0.0,0.10061252117156982,0.0,0.20122504234313965,0.10061252117156982,0.010122879416499586,0.10061252117156982,0.0,0.20122504234313965,0.10061252117156982,0.010122879416499586,0.0,0.0,0.0,0.0,0.0,0,3,0.0,1.0,0,0.0,1.0,3,0,0,0,0,1.0,0.0,0.0,0.0,0.0,0.0,0.0,0.20122504234313965
QUIC_CONNECT1.pcap,172.16.0.25:33230->172.19.0.8:443,3,172.16.0.25,33230,172.19.0.8,443,3,3,0,3882,3882,0,1294.0,1294,1294,0.0,0.0,0.0,1294.0,1294,1294,0.0,0.0,0.0,0.0,0,0,0.0,0.0,0.0,0.10008656978607178,6.413459777832031e-05,0.20010900497436523,0.10002243518829346,0.010004487540996365,0.10008656978607178,6.413459777832031e-05,0.20010900497436523,0.10002243518829346,0.010004487540996365,0.0,0.0,0.0,0.0,0.0,0,3,0.0,1.0,0,0.0,1.0,3,0,0,0,0,1.0,0.0,0.0,0.0,0.0,0.0,0.0,0.20017313957214355
QUIC_CONNECT1.pcap,172.16.0.29:40026->172.19.0.8:443,3,172.16.0.29,40026,172.19.0.8,443,3,3,0,3882,3882,0,1294.0,1294,1294,0.0,0.0,0.0,1294.0,1294,1294,0.0,0.0,0.0,0.0,0,0,0.0,0.0,0.0,0.10022306442260742,0.0,0.20044612884521484,0.10022306442260742,0.010044662642258118,0.10022306442260742,0.0,0.20044612884521484,0.10022306442260742,0.010044662642258118,0.0,0.0,0.0,0.0,0.0,0,3,0.0,1.0,0,0.0,1.0,3,0,0,0,0,1.0,0.0,0.0,0.0,0.0,0.0,0.0,0.20044612884521484
QUIC_CONNECT1.pcap,172.16.0.58:52583->172.19.0.8:443,3,172.16.0.58,52583,172.19.0.8,443,3,3,0,3882,3882,0,1294.0,1294,1294,0.0,0.0,0.0,1294.0,1294,1294,0.0,0.0,0.0,0.0,0,0,0.0,0.0,0.0,0.10033309459686279,0.00013017654418945312,0.20053601264953613,0.10020291805267334,0.010040624786270769,0.10033309459686279,0.00013017654418945312,0.20053601264953613,0.10020291805267334,0.010040624786270769,0.0,0.0,0.0,0.0,0.0,0,3,0.0,1.0,0,0.0,1.0,3,0,0,0,0,1.0,0.0,0.0,0.0,0.0,0.0,0.0,0.20066618919372559
QUIC_CONNECT1.pcap,172.16.0.43:54062->172.19.0.8:443,3,172.16.0.43,54062,172.19.0.8,443,3,3,0,3882,3882,0,1294.0,1294,1294,0.0,0.0,0.0,1294.0,1294,1294,0.0,0.0,0.0,0.0,0,0,0.0,0.0,0.0,0.09961545467376709,5.1021575927734375e-05,0.19917988777160645,0.09956443309783936,0.009913076338094129,0.09961545467376709,5.1021575927734375e-05,0.19917988777160645,0.09956443309783936,0.009913076338094129,0.0,0.0,0.0,0.0,0.0,0,3,0.0,1.0,0,0.0,1.0,3,0,0,0,0,1.0,0.0,0.0,0.0,0.0,0.0,0.0,0.19923090934753418
QUIC_CONNECT1.pcap,172.16.0.46:54002->172.19.0.8:443,3,172.16.0.46,54002,172.19.0.8,443,3,3,0,3882,3882,0,1294.0,1294,1294,0.0,0.0,0.0,1294.0,1294,1294,0.0,0.0,0.0,0.0,0,0,0.0,0.0,0.0,0.10000944137573242,2.5033950805664062e-05,0.19999384880065918,0.09998440742492676,0.009996881728113749,0.10000944137573242,2.5033950805664062e-05,0.19999384880065918,0.09998440742492676,0.009996881728113749,0.0,0.0,0.0,0.0,0.0,0,3,0.0,1.0,0,0.0,1.0,3,0,0,0,0,1.0,0.0,0.0,0.0,0.0,0.0,0.0,0.20001888275146484
QUIC_CONNECT1.pcap,172.16.0.36:52857->172.19.0.8:443,3,172.16.0.36,52857,172.19.0.8,443,3,3,0,3882,3882,0,1294.0,1294,1294,0.0,0.0,0.0,1294.0,1294,1294,0.0,0.0,0.0,0.0,0,0,0.0,0.0,0.0,0.09997892379760742,3.0994415283203125e-05,0.19992685317993164,0.09994792938232422,0.009989588587814069,0.09997892379760742,3.0994415283203125e-05,0.19992685317993164,0.09994792938232422,0.009989588587814069,0.0,0.0,0.0,0.0,0.0,0,3,0.0,1.0,0,0.0,1.0,3,0,0,0,0,1.0,0.0,0.0,0.0,0.0,0.0,0.0,0.19995784759521484
QUIC_CONNECT1.pcap,172.16.0.62:44548->172.19.0.8:443,3,172.16.0.62,44548,172.19.0.8,443,3,3,0,3882,3882,0,1294.0,1294,1294,0.0,0.0,0.0,1294.0,1294,1294,0.0,0.0,0.0,0.0,0,0,0.0,0.0,0.0,0.10027599334716797,2.002716064453125e-05,0.2005319595336914,0.10025596618652344,0.01005125875599333,0.10027599334716797,2.002716064453125e-05,0.2005319595336914,0.10025596618652344,0.01005125875599333,0.0,0.0,0.0,0.0,0.0,0,3,0.0,1.0,0,0.0,1.0,3,0,0,0,0,1.0,0.0,0.0,0.0,0.0,0.0,0.0,0.20055198669433594
QUIC_CONNECT1.pcap,172.16.0.42:37617->172.19.0.8:443,3,172.16.0.42,37617,172.19.0.8,443,3,3,0,3882,3882,0,1294.0,1294,1294,0.0,0.0,0.0,1294.0,1294,1294,0.0,0.0,0.0,0.0,0,0,0.0,0.0,0.0,0.10030794143676758,7.867813110351562e-06,0.2006080150604248,0.10030007362365723,0.01006010476891106,0.10030794143676758,7.867813110351562e-06,0.2006080150604248,0.10030007362365723,0.01006010476891106,0.0,0.0,0.0,0.0,0.0,0,3,0.0,1.0,0,0.0,1.0,3,0,0,0,0,1.0,0.0,0.0,0.0,0.0,0.0,0.0,0.20061588287353516
QUIC_CONNECT1.pcap,172.16.0.61:57591->172.19.0.8:443,3,172.16.0.61,57591,172.19.0.8,443,3,3,0,3882,3882,0,1294.0,1294,1294,0.0,0.0,0.0,1294.0,1294,1294,0.0,0.0,0.0,0.0,0,0,0.0,0.0,0.0,0.10267293453216553,0.0,0.20534586906433105,0.10267293453216553,0.010541731485446348,0.10267293453216553,0.0,0.20534586906433105,0.10267293453216553,0.010541731485446348,0.0,0.0,0.0,0.0,0.0,0,3,0.0,1.0,0,0.0,1.0,3,0,0,0,0,1.0,0.0,0.0,0.0,0.0,0.0,0.0,0.20534586906433105
QUIC_CONNECT1.pcap,172.16.0.34:57133->172.19.0.8:443,3,172.16.0.34,57133,172.19.0.8,443,3,3,0,3882,3882,0,1294.0,1294,1294,0.0,0.0,0.0,1294.0,1294,1294,0.0,0.0,0.0,0.0,0,0,0.0,0.0,0.0,0.4891420602798462,0.0,0.9782841205596924,0.4891420602798462,0.23925995513481269,0.4891420602798462,0.0,0.9782841205596924,0.4891420602798462,0.23925995513481269,0.0,0.0,0.0,0.0,0.0,0,3,0.0,1.0,0,0.0,1.0,3,0,0,0,0,1.0,0.0,0.0,0.0,0.0,0.0,0.0,0.9782841205596924
QUIC_CONNECT1.pcap,172.16.0.38:41717->172.19.0.8:443,3,172.16.0.38,41717,172.19.0.8,443,3,3,0,3882,3882,0,1294.0,1294,1294,0.0,0.0,0.0,1294.0,1294,1294,0.0,0.0,0.0,0.0,0,0,0.0,0.0,0.0,0.10036706924438477,5.507469177246094e-05,0.20067906379699707,0.1003119945526123,0.01006249625112332,0.10036706924438477,5.507469177246094e-05,0.20067906379699707,0.1003119945526123,0.01006249625112332,0.0,0.0,0.0,0.0,0.0,0,3,0.0,1.0,0,0.0,1.0,3,0,0,0,0,1.0,0.0,0.0,0.0,0.0,0.0,0.0,0.20073413848876953
QUIC_CONNECT1.pcap,172.16.0.53:50132->172.19.0.8:443,3,172.16.0.53,50132,172.19.0.8,443,3,3,0,3882,3882,0,1294.0,1294,1294,0.0,0.0,0.0,1294.0,1294,1294,0.0,0.0,0.0,0.0,0,0,0.0,0.0,0.0,0.10010206699371338,3.719329833984375e-05,0.20016694068908691,0.10006487369537354,0.010012978947671058,0.10010206699371338,3.719329833984375e-05,0.20016694068908691,0.10006487369537354,0.010012978947671058,0.0,0.0,0.0,0.0,0.0,0,3,0.0,1.0,0,0.0,1.0,3,0,0,0,0,1.0,0.0,0.0,0.0,0.0,0.0,0.0,0.20020413398742676
QUIC_CONNECT1.pcap,172.16.0.56:44606->172.19.0.8:443,3,172.16.0.56,44606,172.19.0.8,443,3,3,0,3882,3882,0,1294.0,1294,1294,0.0,0.0,0.0,1294.0,1294,1294,0.0,0.0,0.0,0.0,0,0,0.0,0.0,0.0,0.10019350051879883,4.410743713378906e-05,0.20034289360046387,0.10014939308166504,0.010029900934625857,0.10019350051879883,4.410743713378906e-05,0.20034289360046387,0.10014939308166504,0.010029900934625857,0.0,0.0,0.0,0.0,0.0,0,3,0.0,1.0,0,0.0,1.0,3,0,0,0,0,1.0,0.0,0.0,0.0,0.0,0.0,0.0,0.20038700103759766
QUIC_CONNECT1.pcap,172.16.0.39:52711->172.19.0.8:443,3,172.16.0.39,52711,172.19.0.8,443,3,3,0,3882,3882,0,1294.0,1294,1294,0.0,0.0,0.0,1294.0,1294,1294,0.0,0.0,0.0,0.0,0,0,0.0,0.0,0.0,0.10050499439239502,8.606910705566406e-05,0.20092391967773438,0.10041892528533936,0.010083960555462568,0.10050499439239502,8.606910705566406e-05,0.20092391967773438,0.10041892528533936,0.010083960555462568,0.0,0.0,0.0,0.0,0.0,0,3,0.0,1.0,0,0.0,1.0,3,0,0,0,0,1.0,0.0,0.0,0.0,0.0,0.0,0.0,0.20100998878479004
QUIC_CONNECT1.pcap,172.16.0.63:50281->172.19.0.8:443,3,172.16.0.63,50281,172.19.0.8,443,3,3,0,3882,3882,0,1294.0,1294,1294,0.0,0.0,0.0,1294.0,1294,1294,0.0,0.0,0.0,0.0,0,0,0.0,0.0,0.0,0.10044753551483154,1.5020370483398438e-05,0.2008800506591797,0.10043251514434814,0.01008669009821972,0.10044753551483154,1.5020370483398438e-05,0.2008800506591797,0.10043251514434814,0.01008669009821972,0.0,0.0,0.0,0.0,0.0,0,3,0.0,1.0,0,0.0,1.0,3,0,0,0,0,1.0,0.0,0.0,0.0,0.0,0.0,0.0,0.20089507102966309
QUIC_CONNECT1.pcap,172.16.0.50:57531->172.19.0.8:443,3,172.16.0.50,57531,172.19.0.8,443,3,3,0,3882,3882,0,1294.0,1294,1294,0.0,0.0,0.0,1294.0,1294,1294,0.0,0.0,0.0,0.0,0,0,0.0,0.0,0.0,0.10048604011535645,3.0040740966796875e-05,0.2009420394897461,0.10045599937438965,0.010091407810307373,0.10048604011535645,3.0040740966796875e-05,0.2009420394897461,0.10045599937438965,0.010091407810307373,0.0,0.0,0.0,0.0,0.0,0,3,0.0,1.0,0,0.0,1.0,3,0,0,0,0,1.0,0.0,0.0,0.0,0.0,0.0,0.0,0.2009720802307129
QUIC_CONNECT1.pcap,172.16.0.44:54439->172.19.0.8:443,3,172.16.0.44,54439,172.19.0.8,443,3,3,0,3882,3882,0,1294.0,1294,1294,0.0,0.0,0.0,1294.0,1294,1294,0.0,0.0,0.0,0.0,0,0,0.0,0.0,0.0,0.10050606727600098,8.916854858398438e-05,0.20092296600341797,0.10041689872741699,0.01008355355003232,0.10050606727600098,8.916854858398438e-05,0.20092296600341797,0.10041689872741699,0.01008355355003232,0.0,0.0,0.0,0.0,0.0,0,3,0.0,1.0,0,0.0,1.0,3,0,0,0,0,1.0,0.0,0.0,0.0,0.0,0.0,0.0,0.20101213455200195
QUIC_CONNECT1.pcap,172.16.0.33:45821->172.19.0.8:443,3,172.16.0.33,45821,172.19.0.8,443,3,3,0,3882,3882,0,1294.0,1294,1294,0.0,0.0,0.0,1294.0,1294,1294,0.0,0.0,0.0,0.0,0,0,0.0,0.0,0.0,0.10006141662597656,2.7894973754882812e-05,0.20009493827819824,0.10003352165222168,0.010006705454145504,0.10006141662597656,2.7894973754882812e-05,0.20009493827819824,0.10003352165222168,0.010006705454145504,0.0,0.0,0.0,0.0,0.0,0,3,0.0,1.0,0,0.0,1.0,3,0,0,0,0,1.0,0.0,0.0,0.0,0.0,0.0,0.0,0.20012283325195312
QUIC_CONNECT1.pcap,172.16.0.55:36384->172.19.0.8:443,3,172.16.0.55,36384,172.19.0.8,443,3,3,0,3882,3882,0,1294.0,1294,1294,0.0,0.0,0.0,1294.0,1294,1294,0.0,0.0,0.0,0.0,0,0,0.0,0.0,0.0,0.1002500057220459,0.0,0.2005000114440918,0.1002500057220459,0.010050063647270235,0.1002500057220459,0.0,0.2005000114440918,0.1002500057220459,0.010050063647270235,0.0,0.0,0.0,0.0,0.0,0,3,0.0,1.0,0,0.0,1.0,3,0,0,0,0,1.0,0.0,0.0,0.0,0.0,0.0,0.0,0.2005000114440918
QUIC_CONNECT1.pcap,172.16.0.41:60500->172.19.0.8:443,3,172.16.0.41,60500,172.19.0.8,443,3,3,0,3882,3882,0,1294.0,1294,1294,0.0,0.0,0.0,1294.0,1294,1294,0.0,0.0,0.0,0.0,0,0,0.0,0.0,0.0,0.13662052154541016,0.0,0.2732410430908203,0.13662052154541016,0.01866516690733988,0.13662052154541016,0.0,0.2732410430908203,0.13662052154541016,0.01866516690733988,0.0,0.0,0.0,0.0,0.0,0,3,0.0,1.0,0,0.0,1.0,3,0,0,0,0,1.0,0.0,0.0,0.0,0.0,0.0,0.0,0.2732410430908203
QUIC_CONNECT1.pcap,172.16.0.40:40605->172.19.0.8:443,3,172.16.0.40,40605,172.19.0.8,443,3,3,0,3882,3882,0,1294.0,1294,1294,0.0,0.0,0.0,1294.0,1294,1294,0.0,0.0,0.0,0.0,0,0,0.0,0.0,0.0,0.10051894187927246,0.0,0.20103788375854492,0.10051894187927246,0.010104057676528555,0.10051894187927246,0.0,0.20103788375854492,0.10051894187927246,0.010104057676528555,0.0,0.0,0.0,0.0,0.0,0,3,0.0,1.0,0,0.0,1.0,3,0,0,0,0,1.0,0.0,0.0,0.0,0.0,0.0,0.0,0.20103788375854492
QUIC_CONNECT1.pcap,172.16.0.51:43641->172.19.0.8:443,3,172.16.0.51,43641,172.19.0.8,443,3,3,0,3882,3882,0,1294.0,1294,1294,0.0,0.0,0.0,1294.0,1294,1294,0.0,0.0,0.0,0.0,0,0,0.0,0.0,0.0,0.4406319856643677,0.0,0.8812639713287354,0.4406319856643677,0.19415654679052352,0.4406319856643677,0.0,0.8812639713287354,0.4406319856643677,0.19415654679052352,0.0,0.0,0.0,0.0,0.0,0,3,0.0,1.0,0,0.0,1.0,3,0,0,0,0,1.0,0.0,0.0,0.0,0.0,0.0,0.0,0.8812639713287354
QUIC_CONNECT1.pcap,172.16.0.54:37814->172.19.0.8:443,3,172.16.0.54,37814,172.19.0.8,443,3,3,0,3882,3882,0,1294.0,1294,1294,0.0,0.0,0.0,1294.0,1294,1294,0.0,0.0,0.0,0.0,0,0,0.0,0.0,0.0,0.09806644916534424,3.3855438232421875e-05,0.19609904289245605,0.09803259372711182,0.009610389432864963,0.09806644916534424,3.3855438232421875e-05,0.19609904289245605,0.09803259372711182,0.009610389432864963,0.0,0.0,0.0,0.0,0.0,0,3,0.0,1.0,0,0.0,1.0,3,0,0,0,0,1.0,0.0,0.0,0.0,0.0,0.0,0.0,0.19613289833068848
QUIC_CONNECT1.pcap,172.16.0.59:34070->172.19.0.8:443,3,172.16.0.59,34070,172.19.0.8,443,3,3,0,3882,3882,0,1294.0,1294,1294,0.0,0.0,0.0,1294.0,1294,1294,0.0,0.0,0.0,0.0,0,0,0.0,0.0,0.0,0.07430899143218994,6.198883056640625e-06,0.14861178398132324,0.0743027925491333,0.005520904980599539,0.07430899143218994,6.198883056640625e-06,0.14861178398132324,0.0743027925491333,0.005520904980599539,0.0,0.0,0.0,0.0,0.0,0,3,0.0,1.0,0,0.0,1.0,3,0,0,0,0,1.0,0.0,0.0,0.0,0.0,0.0,0.0,0.14861798286437988
QUIC_CONNECT1.pcap,172.16.0.59:50047->172.19.0.8:443,3,172.16.0.59,50047,172.19.0.8,443,3,3,0,3882,3882,0,1294.0,1294,1294,0.0,0.0,0.0,1294.0,1294,1294,0.0,0.0,0.0,0.0,0,0,0.0,0.0,0.0,0.07741355895996094,0.0,0.15482711791992188,0.07741355895996094,0.005992859110847348,0.07741355895996094,0.0,0.15482711791992188,0.07741355895996094,0.005992859110847348,0.0,0.0,0.0,0.0,0.0,0,3,0.0,1.0,0,0.0,1.0,3,0,0,0,0,1.0,0.0,0.0,0.0,0.0,0.0,0.0,0.15482711791992188
QUIC_CONNECT1.pcap,172.16.0.57:55093->172.19.0.8:443,3,172.16.0.57,55093,172.19.0.8,443,3,3,0,3882,3882,0,1294.0,1294,1294,0.0,0.0,0.0,1294.0,1294,1294,0.0,0.0,0.0,0.0,0,0,0.0,0.0,0.0,0.10008645057678223,4.601478576660156e-05,0.20012688636779785,0.10004043579101562,0.01000808879325632,0.10008645057678223,4.601478576660156e-05,0.20012688636779785,0.10004043579101562,0.01000808879325632,0.0,0.0,0.0,0.0,0.0,0,3,0.0,1.0,0,0.0,1.0,3,0,0,0,0,1.0,0.0,0.0,0.0,0.0,0.0,0.0,0.20017290115356445
QUIC_CONNECT1.pcap,172.16.0.60:38323->172.19.0.8:443,3,172.16.0.60,38323,172.19.0.8,443,3,3,0,3882,3882,0,1294.0,1294,1294,0.0,0.0,0.0,1294.0,1294,1294,0.0,0.0,0.0,0.0,0,0,0.0,0.0,0.0,0.10025453567504883,0.0,0.20050907135009766,0.10025453567504883,0.010050971923419638,0.10025453567504883,0.0,0.20050907135009766,0.10025453567504883,0.010050971923419638,0.0,0.0,0.0,0.0,0.0,0,3,0.0,1.0,0,0.0,1.0,3,0,0,0,0,1.0,0.0,0.0,0.0,0.0,0.0,0.0,0.20050907135009766
QUIC_CONNECT1.pcap,172.16.0.47:32835->172.19.0.8:443,3,172.16.0.47,32835,172.19.0.8,443,3,3,0,3882,3882,0,1294.0,1294,1294,0.0,0.0,0.0,1294.0,1294,1294,0.0,0.0,0.0,0.0,0,0,0.0,0.0,0.0,0.06604194641113281,0.0,0.13208389282226562,0.06604194641113281,0.004361538685770938,0.06604194641113281,0.0,0.13208389282226562,0.06604194641113281,0.004361538685770938,0.0,0.0,0.0,0.0,0.0,0,3,0.0,1.0,0,0.0,1.0,3,0,0,0,0,1.0,0.0,0.0,0.0,0.0,0.0,0.0,0.13208389282226562
QUIC_CONNECT1.pcap,172.16.0.41:35678->172.19.0.8:443,3,172.16.0.41,35678,172.19.0.8,443,3,3,0,3882,3882,0,1294.0,1294,1294,0.0,0.0,0.0,1294.0,1294,1294,0.0,0.0,0.0,0.0,0,0,0.0,0.0,0.0,0.09154391288757324,0.0,0.18308782577514648,0.09154391288757324,0.008380287986767598,0.09154391288757324,0.0,0.18308782577514648,0.09154391288757324,0.008380287986767598,0.0,0.0,0.0,0.0,0.0,0,3,0.0,1.0,0,0.0,1.0,3,0,0,0,0,1.0,0.0,0.0,0.0,0.0,0.0,0.0,0.18308782577514648
QUIC_CONNECT1.pcap,172.16.0.32:47777->172.19.0.8:443,3,172.16.0.32,47777,172.19.0.8,443,3,3,0,3882,3882,0,1294.0,1294,1294,0.0,0.0,0.0,1294.0,1294,1294,0.0,0.0,0.0,0.0,0,0,0.0,0.0,0.0,0.1004565954208374,0.0,0.2009131908416748,0.1004565954208374,0.01009152756354581,0.1004565954208374,0.0,0.2009131908416748,0.1004565954208374,0.01009152756354581,0.0,0.0,0.0,0.0,0.0,0,3,0.0,1.0,0,0.0,1.0,3,0,0,0,0,1.0,0.0,0.0,0.0,0.0,0.0,0.0,0.2009131908416748
QUIC_CONNECT1.pcap,172.16.0.28:34600->172.19.0.8:443,3,172.16.0.28,34600,172.19.0.8,443,3,3,0,3882,3882,0,1294.0,1294,1294,0.0,0.0,0.0,1294.0,1294,1294,0.0,0.0,0.0,0.0,0,0,0.0,0.0,0.0,0.1002199649810791,0.0,0.2004399299621582,0.1002199649810791,0.010044041380808721,0.1002199649810791,0.0,0.2004399299621582,0.1002199649810791,0.010044041380808721,0.0,0.0,0.0,0.0,0.0,0,3,0.0,1.0,0,0.0,1.0,3,0,0,0,0,1.0,0.0,0.0,0.0,0.0,0.0,0.0,0.2004399299621582
QUIC_CONNECT1.pcap,172.16.0.52:42741->172.19.0.8:443,3,172.16.0.52,42741,172.19.0.8,443,3,3,0,3882,3882,0,1294.0,1294,1294,0.0,0.0,0.0,1294.0,1294,1294,0.0,0.0,0.0,0.0,0,0,0.0,0.0,0.0,0.1002345085144043,0.0,0.2004690170288086,0.1002345085144043,0.010046956697124187,0.1002345085144043,0.0,0.2004690170288086,0.1002345085144043,0.010046956697124187,0.0,0.0,0.0,0.0,0.0,0,3,0.0,1.0,0,0.0,1.0,3,0,0,0,0,1.0,0.0,0.0,0.0,0.0,0.0,0.0,0.2004690170288086
QUIC_CONNECT1.pcap,172.16.0.26:35335->172.19.0.8:443,3,172.16.0.26,35335,172.19.0.8,443,3,3,0,3882,3882,0,1294.0,1294,1294,0.0,0.0,0.0,1294.0,1294,1294,0.0,0.0,0.0,0.0,0,0,0.0,0.0,0.0,0.00011849403381347656,1.1920928955078125e-05,0.000225067138671875,0.00010657310485839844,1.1357826679159189e-08,0.00011849403381347656,1.1920928955078125e-05,0.000225067138671875,0.00010657310485839844,1.1357826679159189e-08,0.0,0.0,0.0,0.0,0.0,0,3,0.0,1.0,0,0.0,1.0,3,0,0,0,0,1.0,0.0,0.0,0.0,0.0,0.0,0.0,0.00023698806762695312
QUIC_CONNECT1.pcap,172.16.0.48:59279->172.19.0.8:443,3,172.16.0.48,59279,172.19.0.8,443,3,3,0,3882,3882,0,1294.0,1294,1294,0.0,0.0,0.0,1294.0,1294,1294,0.0,0.0,0.0,0.0,0,0,0.0,0.0,0.0,0.10032296180725098,9.5367431640625e-07,0.20064496994018555,0.10032200813293457,0.01006450531582459,0.10032296180725098,9.5367431640625e-07,0.20064496994018555,0.10032200813293457,0.01006450531582459,0.0,0.0,0.0,0.0,0.0,0,3,0.0,1.0,0,0.0,1.0,3,0,0,0,0,1.0,0.0,0.0,0.0,0.0,0.0,0.0,0.20064592361450195
QUIC_CONNECT1.pcap,172.16.0.30:40053->172.19.0.8:443,3,172.16.0.30,40053,172.19.0.8,443,3,3,0,3882,3882,0,1294.0,1294,1294,0.0,0.0,0.0,1294.0,1294,1294,0.0,0.0,0.0,0.0,0,0,0.0,0.0,0.0,0.10046994686126709,0.0,0.20093989372253418,0.10046994686126709,0.010094210222305833,0.10046994686126709,0.0,0.20093989372253418,0.10046994686126709,0.010094210222305833,0.0,0.0,0.0,0.0,0.0,0,3,0.0,1.0,0,0.0,1.0,3,0,0,0,0,1.0,0.0,0.0,0.0,0.0,0.0,0.0,0.20093989372253418
QUIC_CONNECT1.pcap,172.16.0.37:38032->172.19.0.8:443,3,172.16.0.37,38032,172.19.0.8,443,3,3,0,3882,3882,0,1294.0,1294,1294,0.0,0.0,0.0,1294.0,1294,1294,0.0,0.0,0.0,0.0,0,0,0.0,0.0,0.0,0.1005713939666748,9.5367431640625e-07,0.2011418342590332,0.1005704402923584,0.010114413460598826,0.1005713939666748,9.5367431640625e-07,0.2011418342590332,0.1005704402923584,0.010114413460598826,0.0,0.0,0.0,0.0,0.0,0,3,0.0,1.0,0,0.0,1.0,3,0,0,0,0,1.0,0.0,0.0,0.0,0.0,0.0,0.0,0.2011427879333496
QUIC_CONNECT1.pcap,172.16.0.31:60408->172.19.0.8:443,3,172.16.0.31,60408,172.19.0.8,443,3,3,0,3882,3882,0,1294.0,1294,1294,0.0,0.0,0.0,1294.0,1294,1294,0.0,0.0,0.0,0.0,0,0,0.0,0.0,0.0,0.10032939910888672,0.00010180473327636719,0.20055699348449707,0.10022759437561035,0.01004557067432188,0.10032939910888672,0.00010180473327636719,0.20055699348449707,0.10022759437561035,0.01004557067432188,0.0,0.0,0.0,0.0,0.0,0,3,0.0,1.0,0,0.0,1.0,3,0,0,0,0,1.0,0.0,0.0,0.0,0.0,0.0,0.0,0.20065879821777344
QUIC_CONNECT1.pcap,172.16.0.45:60719->172.19.0.8:443,3,172.16.0.45,60719,172.19.0.8,443,3,3,0,3882,3882,0,1294.0,1294,1294,0.0,0.0,0.0,1294.0,1294,1294,0.0,0.0,0.0,0.0,0,0,0.0,0.0,0.0,0.12698602676391602,0.0,0.25397205352783203,0.12698602676391602,0.016125450993285995,0.12698602676391602,0.0,0.25397205352783203,0.12698602676391602,0.016125450993285995,0.0,0.0,0.0,0.0,0.0,0,3,0.0,1.0,0,0.0,1.0,3,0,0,0,0,1.0,0.0,0.0,0.0,0.0,0.0,0.0,0.25397205352783203
QUIC_CONNECT1.pcap,172.16.0.26:54264->172.19.0.8:443,3,172.16.0.26,54264,172.19.0.8,443,3,3,0,3882,3882,0,1294.0,1294,1294,0.0,0.0,0.0,1294.0,1294,1294,0.0,0.0,0.0,0.0,0,0,0.0,0.0,0.0,3.552436828613281e-05,1.2159347534179688e-05,5.888938903808594e-05,2.3365020751953125e-05,5.459241947392002e-10,3.552436828613281e-05,1.2159347534179688e-05,5.888938903808594e-05,2.3365020751953125e-05,5.459241947392002e-10,0.0,0.0,0.0,0.0,0.0,0,3,0.0,1.0,0,0.0,1.0,3,0,0,0,0,1.0,0.0,0.0,0.0,0.0,0.0,0.0,7.104873657226562e-05
QUIC_CONNECT1.pcap,172.16.0.27:40297->172.19.0.8:443,3,172.16.0.27,40297,172.19.0.8,443,3,3,0,3882,3882,0,1294.0,1294,1294,0.0,0.0,0.0,1294.0,1294,1294,0.0,0.0,0.0,0.0,0,0,0.0,0.0,0.0,0.10023903846740723,0.0,0.20047807693481445,0.10023903846740723,0.010047864832870346,0.10023903846740723,0.0,0.20047807693481445,0.10023903846740723,0.010047864832870346,0.0,0.0,0.0,0.0,0.0,0,3,0.0,1.0,0,0.0,1.0,3,0,0,0,0,1.0,0.0,0.0,0.0,0.0,0.0,0.0,0.20047807693481445
QUIC_CONNECT1.pcap,172.16.0.25:53218->172.19.0.8:443,3,172.16.0.25,53218,172.19.0.8,443,3,3,0,3882,3882,0,1294.0,1294,1294,0.0,0.0,0.0,1294.0,1294,1294,0.0,0.0,0.0,0.0,0,0,0.0,0.0,0.0,0.10026049613952637,4.410743713378906e-05,0.20047688484191895,0.10021638870239258,0.010043324564549039,0.10026049613952637,4.410743713378906e-05,0.20047688484191895,0.10021638870239258,0.010043324564549039,0.0,0.0,0.0,0.0,0.0,0,3,0.0,1.0,0,0.0,1.0,3,0,0,0,0,1.0,0.0,0.0,0.0,0.0,0.0,0.0,0.20052099227905273
QUIC_CONNECT1.pcap,172.16.0.29:44188->172.19.0.8:443,3,172.16.0.29,44188,172.19.0.8,443,3,3,0,3882,3882,0,1294.0,1294,1294,0.0,0.0,0.0,1294.0,1294,1294,0.0,0.0,0.0,0.0,0,0,0.0,0.0,0.0,0.10016298294067383,0.0,0.20032596588134766,0.10016298294067383,0.010032623151573716,0.10016298294067383,0.0,0.20032596588134766,0.10016298294067383,0.010032623151573716,0.0,0.0,0.0,0.0,0.0,0,3,0.0,1.0,0,0.0,1.0,3,0,0,0,0,1.0,0.0,0.0,0.0,0.0,0.0,0.0,0.20032596588134766
QUIC_CONNECT1.pcap,172.16.0.58:45887->172.19.0.8:443,3,172.16.0.58,45887,172.19.0.8,443,3,3,0,3882,3882,0,1294.0,1294,1294,0.0,0.0,0.0,1294.0,1294,1294,0.0,0.0,0.0,0.0,0,0,0.0,0.0,0.0,0.10035407543182373,0.0,0.20070815086364746,0.10035407543182373,0.010070940455776167,0.10035407543182373,0.0,0.20070815086364746,0.10035407543182373,0.010070940455776167,0.0,0.0,0.0,0.0,0.0,0,3,0.0,1.0,0,0.0,1.0,3,0,0,0,0,1.0,0.0,0.0,0.0,0.0,0.0,0.0,0.20070815086364746
QUIC_CONNECT1.pcap,172.16.0.55:42613->172.19.0.8:443,3,172.16.0.55,42613,172.19.0.8,443,3,3,0,3882,3882,0,1294.0,1294,1294,0.0,0.0,0.0,1294.0,1294,1294,0.0,0.0,0.0,0.0,0,0,0.0,0.0,0.0,4.100799560546875e-05,1.1920928955078125e-06,8.082389831542969e-05,3.981590270996094e-05,1.5853061086090747e-09,4.100799560546875e-05,1.1920928955078125e-06,8.082389831542969e-05,3.981590270996094e-05,1.5853061086090747e-09,0.0,0.0,0.0,0.0,0.0,0,3,0.0,1.0,0,0.0,1.0,3,0,0,0,0,1.0,0.0,0.0,0.0,0.0,0.0,0.0,8.20159912109375e-05
QUIC_CONNECT1.pcap,172.16.0.46:35707->172.19.0.8:443,3,172.16.0.46,35707,172.19.0.8,443,3,3,0,3882,3882,0,1294.0,1294,1294,0.0,0.0,0.0,1294.0,1294,1294,0.0,0.0,0.0,0.0,0,0,0.0,0.0,0.0,0.09981095790863037,0.0,0.19962191581726074,0.09981095790863037,0.009962227318638384,0.09981095790863037,0.0,0.19962191581726074,0.09981095790863037,0.009962227318638384,0.0,0.0,0.0,0.0,0.0,0,3,0.0,1.0,0,0.0,1.0,3,0,0,0,0,1.0,0.0,0.0,0.0,0.0,0.0,0.0,0.19962191581726074
QUIC_CONNECT1.pcap,172.16.0.42:48090->172.19.0.8:443,3,172.16.0.42,48090,172.19.0.8,443,3,3,0,3882,3882,0,1294.0,1294,1294,0.0,0.0,0.0,1294.0,1294,1294,0.0,0.0,0.0,0.0,0,0,0.0,0.0,0.0,0.09997141361236572,0.0,0.19994282722473145,0.09997141361236572,0.009994283539654703,0.09997141361236572,0.0,0.19994282722473145,0.09997141361236572,0.009994283539654703,0.0,0.0,0.0,0.0,0.0,0,3,0.0,1.0,0,0.0,1.0,3,0,0,0,0,1.0,0.0,0.0,0.0,0.0,0.0,0.0,0.19994282722473145
QUIC_CONNECT1.pcap,172.16.0.43:51652->172.19.0.8:443,3,172.16.0.43,51652,172.19.0.8,443,3,3,0,3882,3882,0,1294.0,1294,1294,0.0,0.0,0.0,1294.0,1294,1294,0.0,0.0,0.0,0.0,0,0,0.0,0.0,0.0,0.09999644756317139,9.059906005859375e-06,0.19998383522033691,0.09998738765716553,0.009997477690504297,0.09999644756317139,9.059906005859375e-06,0.19998383522033691,0.09998738765716553,0.009997477690504297,0.0,0.0,0.0,0.0,0.0,0,3,0.0,1.0,0,0.0,1.0,3,0,0,0,0,1.0,0.0,0.0,0.0,0.0,0.0,0.0,0.19999289512634277
QUIC_CONNECT1.pcap,172.16.0.57:44334->172.19.0.8:443,3,172.16.0.57,44334,172.19.0.8,443,3,3,0,3882,3882,0,1294.0,1294,1294,0.0,0.0,0.0,1294.0,1294,1294,0.0,0.0,0.0,0.0,0,0,0.0,0.0,0.0,0.10022842884063721,0.0,0.20045685768127441,0.10022842884063721,0.010045737947862676,0.10022842884063721,0.0,0.20045685768127441,0.10022842884063721,0.010045737947862676,0.0,0.0,0.0,0.0,0.0,0,3,0.0,1.0,0,0.0,1.0,3,0,0,0,0,1.0,0.0,0.0,0.0,0.0,0.0,0.0,0.20045685768127441
QUIC_CONNECT1.pcap,172.16.0.62:42799->172.19.0.8:443,3,172.16.0.62,42799,172.19.0.8,443,3,3,0,3882,3882,0,1294.0,1294,1294,0.0,0.0,0.0,1294.0,1294,1294,0.0,0.0,0.0,0.0,0,0,0.0,0.0,0.0,0.09996449947357178,3.0994415283203125e-05,0.19989800453186035,0.09993350505828857,0.009986705433234988,0.09996449947357178,3.0994415283203125e-05,0.19989800453186035,0.09993350505828857,0.009986705433234988,0.0,0.0,0.0,0.0,0.0,0,3,0.0,1.0,0,0.0,1.0,3,0,0,0,0,1.0,0.0,0.0,0.0,0.0,0.0,0.0,0.19992899894714355
QUIC_CONNECT1.pcap,172.16.0.52:40432->172.19.0.8:443,3,172.16.0.52,40432,172.19.0.8,443,3,3,0,3882,3882,0,1294.0,1294,1294,0.0,0.0,0.0,1294.0,1294,1294,0.0,0.0,0.0,0.0,0,0,0.0,0.0,0.0,0.10004305839538574,0.0,0.20008611679077148,0.10004305839538574,0.010008613533102562,0.10004305839538574,0.0,0.20008611679077148,0.10004305839538574,0.010008613533102562,0.0,0.0,0.0,0.0,0.0,0,3,0.0,1.0,0,0.0,1.0,3,0,0,0,0,1.0,0.0,0.0,0.0,0.0,0.0,0.0,0.20008611679077148
QUIC_CONNECT1.pcap,172.16.0.33:46592->172.19.0.8:443,3,172.16.0.33,46592,172.19.0.8,443,3,3,0,3882,3882,0,1294.0,1294,1294,0.0,0.0,0.0,1294.0,1294,1294,0.0,0.0,0.0,0.0,0,0,0.0,0.0,0.0,0.10031306743621826,4.315376281738281e-05,0.20058298110961914,0.10026991367340088,0.010054055588071265,0.10031306743621826,4.315376281738281e-05,0.20058298110961914,0.10026991367340088,0.010054055588071265,0.0,0.0,0.0,0.0,0.0,0,3,0.0,1.0,0,0.0,1.0,3,0,0,0,0,1.0,0.0,0.0,0.0,0.0,0.0,0.0,0.20062613487243652
QUIC_CONNECT1.pcap,172.16.0.63:40454->172.19.0.8:443,3,172.16.0.63,40454,172.19.0.8,443,3,3,0,3882,3882,0,1294.0,1294,1294,0.0,0.0,0.0,1294.0,1294,1294,0.0,0.0,0.0,0.0,0,0,0.0,0.0,0.0,0.1002655029296875,0.0,0.200531005859375,0.1002655029296875,0.010053171077743173,0.1002655029296875,0.0,0.200531005859375,0.1002655029296875,0.010053171077743173,0.0,0.0,0.0,0.0,0.0,0,3,0.0,1.0,0,0.0,1.0,3,0,0,0,0,1.0,0.0,0.0,0.0,0.0,0.0,0.0,0.200531005859375
QUIC_CONNECT1.pcap,172.16.0.34:39307->172.19.0.8:443,3,172.16.0.34,39307,172.19.0.8,443,3,3,0,3882,3882,0,1294.0,1294,1294,0.0,0.0,0.0,1294.0,1294,1294,0.0,0.0,0.0,0.0,0,0,0.0,0.0,0.0,0.10037052631378174,0.0,0.20074105262756348,0.10037052631378174,0.010074242552505552,0.10037052631378174,0.0,0.20074105262756348,0.10037052631378174,0.010074242552505552,0.0,0.0,0.0,0.0,0.0,0,3,0.0,1.0,0,0.0,1.0,3,0,0,0,0,1.0,0.0,0.0,0.0,0.0,0.0,0.0,0.20074105262756348
QUIC_CONNECT1.pcap,172.16.0.44:58416->172.19.0.8:443,3,172.16.0.44,58416,172.19.0.8,443,3,3,0,3882,3882,0,1294.0,1294,1294,0.0,0.0,0.0,1294.0,1294,1294,0.0,0.0,0.0,0.0,0,0,0.0,0.0,0.0,0.10042643547058105,7.295608520507812e-05,0.20077991485595703,0.10035347938537598,0.010070820824751081,0.10042643547058105,7.295608520507812e-05,0.20077991485595703,0.10035347938537598,0.010070820824751081,0.0,0.0,0.0,0.0,0.0,0,3,0.0,1.0,0,0.0,1.0,3,0,0,0,0,1.0,0.0,0.0,0.0,0.0,0.0,0.0,0.2008528709411621
QUIC_CONNECT1.pcap,172.16.0.36:42646->172.19.0.8:443,3,172.16.0.36,42646,172.19.0.8,443,3,3,0,3882,3882,0,1294.0,1294,1294,0.0,0.0,0.0,1294.0,1294,1294,0.0,0.0,0.0,0.0,0,0,0.0,0.0,0.0,0.10045349597930908,3.314018249511719e-05,0.20087385177612305,0.10042035579681396,0.010084247858358708,0.10045349597930908,3.314018249511719e-05,0.20087385177612305,0.10042035579681396,0.010084247858358708,0.0,0.0,0.0,0.0,0.0,0,3,0.0,1.0,0,0.0,1.0,3,0,0,0,0,1.0,0.0,0.0,0.0,0.0,0.0,0.0,0.20090699195861816
QUIC_CONNECT1.pcap,172.16.0.61:51578->172.19.0.8:443,3,172.16.0.61,51578,172.19.0.8,443,3,3,0,3882,3882,0,1294.0,1294,1294,0.0,0.0,0.0,1294.0,1294,1294,0.0,0.0,0.0,0.0,0,0,0.0,0.0,0.0,0.10027098655700684,2.09808349609375e-05,0.20052099227905273,0.1002500057220459,0.010050063647270235,0.10027098655700684,2.09808349609375e-05,0.20052099227905273,0.1002500057220459,0.010050063647270235,0.0,0.0,0.0,0.0,0.0,0,3,0.0,1.0,0,0.0,1.0,3,0,0,0,0,1.0,0.0,0.0,0.0,0.0,0.0,0.0,0.20054197311401367
QUIC_CONNECT1.pcap,172.16.0.38:34168->172.19.0.8:443,3,172.16.0.38,34168,172.19.0.8,443,3,3,0,3882,3882,0,1294.0,1294,1294,0.0,0.0,0.0,1294.0,1294,1294,0.0,0.0,0.0,0.0,0,0,0.0,0.0,0.0,0.10047900676727295,5.507469177246094e-05,0.20090293884277344,0.10042393207550049,0.010084966133504736,0.10047900676727295,5.507469177246094e-05,0.20090293884277344,0.10042393207550049,0.010084966133504736,0.0,0.0,0.0,0.0,0.0,0,3,0.0,1.0,0,0.0,1.0,3,0,0,0,0,1.0,0.0,0.0,0.0,0.0,0.0,0.0,0.2009580135345459
QUIC_CONNECT1.pcap,172.16.0.39:50729->172.19.0.8:443,3,172.16.0.39,50729,172.19.0.8,443,3,3,0,3882,3882,0,1294.0,1294,1294,0.0,0.0,0.0,1294.0,1294,1294,0.0,0.0,0.0,0.0,0,0,0.0,0.0,0.0,0.10036647319793701,1.0967254638671875e-05,0.20072197914123535,0.10035550594329834,0.010071227573135388,0.10036647319793701,1.0967254638671875e-05,0.20072197914123535,0.10035550594329834,0.010071227573135388,0.0,0.0,0.0,0.0,0.0,0,3,0.0,1.0,0,0.0,1.0,3,0,0,0,0,1.0,0.0,0.0,0.0,0.0,0.0,0.0,0.20073294639587402
QUIC_CONNECT1.pcap,172.16.0.53:51612->172.19.0.8:443,3,172.16.0.53,51612,172.19.0.8,443,3,3,0,3882,3882,0,1294.0,1294,1294,0.0,0.0,0.0,1294.0,1294,1294,0.0,0.0,0.0,0.0,0,0,0.0,0.0,0.0,0.1003119945526123,2.5987625122070312e-05,0.20059800148010254,0.10028600692749023,0.01005728318546062,0.1003119945526123,2.5987625122070312e-05,0.20059800148010254,0.10028600692749023,0.01005728318546062,0.0,0.0,0.0,0.0,0.0,0,3,0.0,1.0,0,0.0,1.0,3,0,0,0,0,1.0,0.0,0.0,0.0,0.0,0.0,0.0,0.2006239891052246
QUIC_CONNECT1.pcap,172.16.0.56:33920->172.19.0.8:443,3,172.16.0.56,33920,172.19.0.8,443,3,3,0,3882,3882,0,1294.0,1294,1294,0.0,0.0,0.0,1294.0,1294,1294,0.0,0.0,0.0,0.0,0,0,0.0,0.0,0.0,0.10028290748596191,0.0,0.20056581497192383,0.10028290748596191,0.010056661533837996,0.10028290748596191,0.0,0.20056581497192383,0.10028290748596191,0.010056661533837996,0.0,0.0,0.0,0.0,0.0,0,3,0.0,1.0,0,0.0,1.0,3,0,0,0,0,1.0,0.0,0.0,0.0,0.0,0.0,0.0,0.20056581497192383
QUIC_CONNECT1.pcap,172.16.0.49:46860->172.19.0.8:443,3,172.16.0.49,46860,172.19.0.8,443,3,3,0,3882,3882,0,1294.0,1294,1294,0.0,0.0,0.0,1294.0,1294,1294,0.0,0.0,0.0,0.0,0,0,0.0,0.0,0.0,0.00014102458953857422,9.059906005859375e-06,0.00027298927307128906,0.00013196468353271484,1.741467769988958e-08,0.00014102458953857422,9.059906005859375e-06,0.00027298927307128906,0.00013196468353271484,1.741467769988958e-08,0.0,0.0,0.0,0.0,0.0,0,3,0.0,1.0,0,0.0,1.0,3,0,0,0,0,1.0,0.0,0.0,0.0,0.0,0.0,0.0,0.00028204917907714844
QUIC_CONNECT1.pcap,172.16.0.40:52792->172.19.0.8:443,3,172.16.0.40,52792,172.19.0.8,443,3,3,0,3882,3882,0,1294.0,1294,1294,0.0,0.0,0.0,1294.0,1294,1294,0.0,0.0,0.0,0.0,0,0,0.0,0.0,0.0,0.1002575159072876,0.0,0.2005150318145752,0.1002575159072876,0.010051569495900026,0.1002575159072876,0.0,0.2005150318145752,0.1002575159072876,0.010051569495900026,0.0,0.0,0.0,0.0,0.0,0,3,0.0,1.0,0,0.0,1.0,3,0,0,0,0,1.0,0.0,0.0,0.0,0.0,0.0,0.0,0.2005150318145752
QUIC_CONNECT1.pcap,172.16.0.50:58299->172.19.0.8:443,3,172.16.0.50,58299,172.19.0.8,443,3,3,0,3882,3882,0,1294.0,1294,1294,0.0,0.0,0.0,1294.0,1294,1294,0.0,0.0,0.0,0.0,0,0,0.0,0.0,0.0,0.10042297840118408,0.0,0.20084595680236816,0.10042297840118408,0.010084774590964685,0.10042297840118408,0.0,0.20084595680236816,0.10042297840118408,0.010084774590964685,0.0,0.0,0.0,0.0,0.0,0,3,0.0,1.0,0,0.0,1.0,3,0,0,0,0,1.0,0.0,0.0,0.0,0.0,0.0,0.0,0.20084595680236816
QUIC_CONNECT1.pcap,172.16.0.51:48555->172.19.0.8:443,3,172.16.0.51,48555,172.19.0.8,443,3,3,0,3882,3882,0,1294.0,1294,1294,0.0,0.0,0.0,1294.0,1294,1294,0.0,0.0,0.0,0.0,0,0,0.0,0.0,0.0,0.0,0.0,0.0,0.0,0.0,0.0,0.0,0.0,0.0,0.0,0.0,0.0,0.0,0.0,0.0,0,3,0.0,1.0,0,0.0,1.0,3,0,0,0,0,1.0,0.0,0.0,0.0,0.0,0.0,0.0,0.0
QUIC_CONNECT1.pcap,172.16.0.59:54825->172.19.0.8:443,3,172.16.0.59,54825,172.19.0.8,443,3,3,0,3882,3882,0,1294.0,1294,1294,0.0,0.0,0.0,1294.0,1294,1294,0.0,0.0,0.0,0.0,0,0,0.0,0.0,0.0,0.10004198551177979,0.0,0.20008397102355957,0.10004198551177979,0.010008398865139156,0.10004198551177979,0.0,0.20008397102355957,0.10004198551177979,0.010008398865139156,0.0,0.0,0.0,0.0,0.0,0,3,0.0,1.0,0,0.0,1.0,3,0,0,0,0,1.0,0.0,0.0,0.0,0.0,0.0,0.0,0.20008397102355957
QUIC_CONNECT1.pcap,172.16.0.47:45215->172.19.0.8:443,3,172.16.0.47,45215,172.19.0.8,443,3,3,0,3882,3882,0,1294.0,1294,1294,0.0,0.0,0.0,1294.0,1294,1294,0.0,0.0,0.0,0.0,0,0,0.0,0.0,0.0,4.0531158447265625e-05,0.0,8.106231689453125e-05,4.0531158447265625e-05,1.6427748050773516e-09,4.0531158447265625e-05,0.0,8.106231689453125e-05,4.0531158447265625e-05,1.6427748050773516e-09,0.0,0.0,0.0,0.0,0.0,0,3,0.0,1.0,0,0.0,1.0,3,0,0,0,0,1.0,0.0,0.0,0.0,0.0,0.0,0.0,8.106231689453125e-05
QUIC_CONNECT1.pcap,172.16.0.32:42929->172.19.0.8:443,3,172.16.0.32,42929,172.19.0.8,443,3,3,0,3882,3882,0,1294.0,1294,1294,0.0,0.0,0.0,1294.0,1294,1294,0.0,0.0,0.0,0.0,0,0,0.0,0.0,0.0,0.100258469581604,0.0,0.200516939163208,0.100258469581604,0.010051760722845415,0.100258469581604,0.0,0.200516939163208,0.100258469581604,0.010051760722845415,0.0,0.0,0.0,0.0,0.0,0,3,0.0,1.0,0,0.0,1.0,3,0,0,0,0,1.0,0.0,0.0,0.0,0.0,0.0,0.0,0.200516939163208
QUIC_CONNECT1.pcap,172.16.0.41:36782->172.19.0.8:443,3,172.16.0.41,36782,172.19.0.8,443,3,3,0,3882,3882,0,1294.0,1294,1294,0.0,0.0,0.0,1294.0,1294,1294,0.0,0.0,0.0,0.0,0,0,0.0,0.0,0.0,0.10025298595428467,0.0,0.20050597190856934,0.10025298595428467,0.010050661192749999,0.10025298595428467,0.0,0.20050597190856934,0.10025298595428467,0.010050661192749999,0.0,0.0,0.0,0.0,0.0,0,3,0.0,1.0,0,0.0,1.0,3,0,0,0,0,1.0,0.0,0.0,0.0,0.0,0.0,0.0,0.20050597190856934
QUIC_CONNECT1.pcap,172.16.0.48:35278->172.19.0.8:443,3,172.16.0.48,35278,172.19.0.8,443,3,3,0,3882,3882,0,1294.0,1294,1294,0.0,0.0,0.0,1294.0,1294,1294,0.0,0.0,0.0,0.0,0,0,0.0,0.0,0.0,0.10024356842041016,3.814697265625e-05,0.20044898986816406,0.1002054214477539,0.010041126487521979,0.10024356842041016,3.814697265625e-05,0.20044898986816406,0.1002054214477539,0.010041126487521979,0.0,0.0,0.0,0.0,0.0,0,3,0.0,1.0,0,0.0,1.0,3,0,0,0,0,1.0,0.0,0.0,0.0,0.0,0.0,0.0,0.2004871368408203
QUIC_CONNECT1.pcap,172.16.0.30:54385->172.19.0.8:443,3,172.16.0.30,54385,172.19.0.8,443,3,3,0,3882,3882,0,1294.0,1294,1294,0.0,0.0,0.0,1294.0,1294,1294,0.0,0.0,0.0,0.0,0,0,0.0,0.0,0.0,0.10026097297668457,9.5367431640625e-07,0.20052099227905273,0.10026001930236816,0.010052071470511237,0.10026097297668457,9.5367431640625e-07,0.20052099227905273,0.10026001930236816,0.010052071470511237,0.0,0.0,0.0,0.0,0.0,0,3,0.0,1.0,0,0.0,1.0,3,0,0,0,0,1.0,0.0,0.0,0.0,0.0,0.0,0.0,0.20052194595336914
QUIC_CONNECT1.pcap,172.16.0.31:47453->172.19.0.8:443,3,172.16.0.31,47453,172.19.0.8,443,3,3,0,3882,3882,0,1294.0,1294,1294,0.0,0.0,0.0,1294.0,1294,1294,0.0,0.0,0.0,0.0,0,0,0.0,0.0,0.0,0.1002495288848877,0.0,0.2004990577697754,0.1002495288848877,0.010049968041641932,0.1002495288848877,0.0,0.2004990577697754,0.1002495288848877,0.010049968041641932,0.0,0.0,0.0,0.0,0.0,0,3,0.0,1.0,0,0.0,1.0,3,0,0,0,0,1.0,0.0,0.0,0.0,0.0,0.0,0.0,0.2004990577697754
QUIC_CONNECT1.pcap,172.16.0.26:39586->172.19.0.8:443,3,172.16.0.26,39586,172.19.0.8,443,3,3,0,3882,3882,0,1294.0,1294,1294,0.0,0.0,0.0,1294.0,1294,1294,0.0,0.0,0.0,0.0,0,0,0.0,0.0,0.0,0.3508319854736328,0.0,0.7016639709472656,0.3508319854736328,0.1230830820313713,0.3508319854736328,0.0,0.7016639709472656,0.3508319854736328,0.1230830820313713,0.0,0.0,0.0,0.0,0.0,0,3,0.0,1.0,0,0.0,1.0,3,0,0,0,0,1.0,0.0,0.0,0.0,0.0,0.0,0.0,0.7016639709472656
QUIC_CONNECT1.pcap,172.16.0.27:54802->172.19.0.8:443,3,172.16.0.27,54802,172.19.0.8,443,3,3,0,3882,3882,0,1294.0,1294,1294,0.0,0.0,0.0,1294.0,1294,1294,0.0,0.0,0.0,0.0,0,0,0.0,0.0,0.0,0.10053098201751709,0.0,0.20106196403503418,0.10053098201751709,0.010106478345406344,0.10053098201751709,0.0,0.20106196403503418,0.10053098201751709,0.010106478345406344,0.0,0.0,0.0,0.0,0.0,0,3,0.0,1.0,0,0.0,1.0,3,0,0,0,0,1.0,0.0,0.0,0.0,0.0,0.0,0.0,0.20106196403503418
QUIC_CONNECT1.pcap,172.16.0.25:44898->172.19.0.8:443,3,172.16.0.25,44898,172.19.0.8,443,3,3,0,3882,3882,0,1294.0,1294,1294,0.0,0.0,0.0,1294.0,1294,1294,0.0,0.0,0.0,0.0,0,0,0.0,0.0,0.0,0.10037493705749512,0.0,0.20074987411499023,0.10037493705749512,0.010075127989296107,0.10037493705749512,0.0,0.20074987411499023,0.10037493705749512,0.010075127989296107,0.0,0.0,0.0,0.0,0.0,0,3,0.0,1.0,0,0.0,1.0,3,0,0,0,0,1.0,0.0,0.0,0.0,0.0,0.0,0.0,0.20074987411499023
QUIC_CONNECT1.pcap,172.16.0.54:35163->172.19.0.8:443,3,172.16.0.54,35163,172.19.0.8,443,3,3,0,3882,3882,0,1294.0,1294,1294,0.0,0.0,0.0,1294.0,1294,1294,0.0,0.0,0.0,0.0,0,0,0.0,0.0,0.0,9.143352508544922e-05,0.0,0.00018286705017089844,9.143352508544922e-05,8.360089509551472e-09,9.143352508544922e-05,0.0,0.00018286705017089844,9.143352508544922e-05,8.360089509551472e-09,0.0,0.0,0.0,0.0,0.0,0,3,0.0,1.0,0,0.0,1.0,3,0,0,0,0,1.0,0.0,0.0,0.0,0.0,0.0,0.0,0.00018286705017089844
QUIC_CONNECT1.pcap,172.16.0.29:40396->172.19.0.8:443,3,172.16.0.29,40396,172.19.0.8,443,3,3,0,3882,3882,0,1294.0,1294,1294,0.0,0.0,0.0,1294.0,1294,1294,0.0,0.0,0.0,0.0,0,0,0.0,0.0,0.0,0.10043108463287354,0.0,0.20086216926574707,0.10043108463287354,0.010086402760535407,0.10043108463287354,0.0,0.20086216926574707,0.10043108463287354,0.010086402760535407,0.0,0.0,0.0,0.0,0.0,0,3,0.0,1.0,0,0.0,1.0,3,0,0,0,0,1.0,0.0,0.0,0.0,0.0,0.0,0.0,0.20086216926574707
QUIC_CONNECT1.pcap,172.16.0.58:54634->172.19.0.8:443,3,172.16.0.58,54634,172.19.0.8,443,3,3,0,3882,3882,0,1294.0,1294,1294,0.0,0.0,0.0,1294.0,1294,1294,0.0,0.0,0.0,0.0,0,0,0.0,0.0,0.0,0.1002575159072876,0.0,0.2005150318145752,0.1002575159072876,0.010051569495900026,0.1002575159072876,0.0,0.2005150318145752,0.1002575159072876,0.010051569495900026,0.0,0.0,0.0,0.0,0.0,0,3,0.0,1.0,0,0.0,1.0,3,0,0,0,0,1.0,0.0,0.0,0.0,0.0,0.0,0.0,0.2005150318145752
QUIC_CONNECT1.pcap,172.16.0.51:50370->172.19.0.8:443,3,172.16.0.51,50370,172.19.0.8,443,3,3,0,3882,3882,0,1294.0,1294,1294,0.0,0.0,0.0,1294.0,1294,1294,0.0,0.0,0.0,0.0,0,0,0.0,0.0,0.0,0.10024893283843994,9.5367431640625e-07,0.20049691200256348,0.10024797916412354,0.010049657326490546,0.10024893283843994,9.5367431640625e-07,0.20049691200256348,0.10024797916412354,0.010049657326490546,0.0,0.0,0.0,0.0,0.0,0,3,0.0,1.0,0,0.0,1.0,3,0,0,0,0,1.0,0.0,0.0,0.0,0.0,0.0,0.0,0.20049786567687988
QUIC_CONNECT1.pcap,172.16.0.57:50956->172.19.0.8:443,3,172.16.0.57,50956,172.19.0.8,443,3,3,0,3882,3882,0,1294.0,1294,1294,0.0,0.0,0.0,1294.0,1294,1294,0.0,0.0,0.0,0.0,0,0,0.0,0.0,0.0,0.09991204738616943,0.0,0.19982409477233887,0.09991204738616943,0.009982417212896166,0.09991204738616943,0.0,0.19982409477233887,0.09991204738616943,0.009982417212896166,0.0,0.0,0.0,0.0,0.0,0,3,0.0,1.0,0,0.0,1.0,3,0,0,0,0,1.0,0.0,0.0,0.0,0.0,0.0,0.0,0.19982409477233887
QUIC_CONNECT1.pcap,172.16.0.46:37618->172.19.0.8:443,3,172.16.0.46,37618,172.19.0.8,443,3,3,0,3882,3882,0,1294.0,1294,1294,0.0,0.0,0.0,1294.0,1294,1294,0.0,0.0,0.0,0.0,0,0,0.0,0.0,0.0,0.1000525951385498,0.0,0.2001051902770996,0.1000525951385498,0.01001052179395856,0.1000525951385498,0.0,0.2001051902770996,0.1000525951385498,0.01001052179395856,0.0,0.0,0.0,0.0,0.0,0,3,0.0,1.0,0,0.0,1.0,3,0,0,0,0,1.0,0.0,0.0,0.0,0.0,0.0,0.0,0.2001051902770996
QUIC_CONNECT1.pcap,172.16.0.43:36852->172.19.0.8:443,3,172.16.0.43,36852,172.19.0.8,443,3,3,0,3882,3882,0,1294.0,1294,1294,0.0,0.0,0.0,1294.0,1294,1294,0.0,0.0,0.0,0.0,0,0,0.0,0.0,0.0,0.09972798824310303,2.9087066650390625e-05,0.19942688941955566,0.09969890117645264,0.009939870895792069,0.09972798824310303,2.9087066650390625e-05,0.19942688941955566,0.09969890117645264,0.009939870895792069,0.0,0.0,0.0,0.0,0.0,0,3,0.0,1.0,0,0.0,1.0,3,0,0,0,0,1.0,0.0,0.0,0.0,0.0,0.0,0.0,0.19945597648620605
QUIC_CONNECT1.pcap,172.16.0.40:41923->172.19.0.8:443,3,172.16.0.40,41923,172.19.0.8,443,3,3,0,3882,3882,0,1294.0,1294,1294,0.0,0.0,0.0,1294.0,1294,1294,0.0,0.0,0.0,0.0,0,0,0.0,0.0,0.0,0.09998500347137451,0.0,0.19997000694274902,0.09998500347137451,0.009997000919170773,0.09998500347137451,0.0,0.19997000694274902,0.09998500347137451,0.009997000919170773,0.0,0.0,0.0,0.0,0.0,0,3,0.0,1.0,0,0.0,1.0,3,0,0,0,0,1.0,0.0,0.0,0.0,0.0,0.0,0.0,0.19997000694274902
QUIC_CONNECT1.pcap,172.16.0.33:36562->172.19.0.8:443,3,172.16.0.33,36562,172.19.0.8,443,3,3,0,3882,3882,0,1294.0,1294,1294,0.0,0.0,0.0,1294.0,1294,1294,0.0,0.0,0.0,0.0,0,0,0.0,0.0,0.0,0.10004901885986328,2.3126602172851562e-05,0.2000749111175537,0.10002589225769043,0.010005179121947094,0.10004901885986328,2.3126602172851562e-05,0.2000749111175537,0.10002589225769043,0.010005179121947094,0.0,0.0,0.0,0.0,0.0,0,3,0.0,1.0,0,0.0,1.0,3,0,0,0,0,1.0,0.0,0.0,0.0,0.0,0.0,0.0,0.20009803771972656
QUIC_CONNECT1.pcap,172.16.0.50:51739->172.19.0.8:443,3,172.16.0.50,51739,172.19.0.8,443,3,3,0,3882,3882,0,1294.0,1294,1294,0.0,0.0,0.0,1294.0,1294,1294,0.0,0.0,0.0,0.0,0,0,0.0,0.0,0.0,0.1001659631729126,0.0,0.2003319263458252,0.1001659631729126,0.010033220178357283,0.1001659631729126,0.0,0.2003319263458252,0.1001659631729126,0.010033220178357283,0.0,0.0,0.0,0.0,0.0,0,3,0.0,1.0,0,0.0,1.0,3,0,0,0,0,1.0,0.0,0.0,0.0,0.0,0.0,0.0,0.2003319263458252
QUIC_CONNECT1.pcap,172.16.0.44:50676->172.19.0.8:443,3,172.16.0.44,50676,172.19.0.8,443,3,3,0,3882,3882,0,1294.0,1294,1294,0.0,0.0,0.0,1294.0,1294,1294,0.0,0.0,0.0,0.0,0,0,0.0,0.0,0.0,0.10017800331115723,0.0,0.20035600662231445,0.10017800331115723,0.010035632347410228,0.10017800331115723,0.0,0.20035600662231445,0.10017800331115723,0.010035632347410228,0.0,0.0,0.0,0.0,0.0,0,3,0.0,1.0,0,0.0,1.0,3,0,0,0,0,1.0,0.0,0.0,0.0,0.0,0.0,0.0,0.20035600662231445
QUIC_CONNECT1.pcap,172.16.0.36:41376->172.19.0.8:443,3,172.16.0.36,41376,172.19.0.8,443,3,3,0,3882,3882,0,1294.0,1294,1294,0.0,0.0,0.0,1294.0,1294,1294,0.0,0.0,0.0,0.0,0,0,0.0,0.0,0.0,0.1003650426864624,0.0,0.2007300853729248,0.1003650426864624,0.01007314179345542,0.1003650426864624,0.0,0.2007300853729248,0.1003650426864624,0.01007314179345542,0.0,0.0,0.0,0.0,0.0,0,3,0.0,1.0,0,0.0,1.0,3,0,0,0,0,1.0,0.0,0.0,0.0,0.0,0.0,0.0,0.2007300853729248
QUIC_CONNECT1.pcap,172.16.0.39:59580->172.19.0.8:443,3,172.16.0.39,59580,172.19.0.8,443,3,3,0,3882,3882,0,1294.0,1294,1294,0.0,0.0,0.0,1294.0,1294,1294,0.0,0.0,0.0,0.0,0,0,0.0,0.0,0.0,0.10031247138977051,0.0,0.20062494277954102,0.10031247138977051,0.010062591916323527,0.10031247138977051,0.0,0.20062494277954102,0.10031247138977051,0.010062591916323527,0.0,0.0,0.0,0.0,0.0,0,3,0.0,1.0,0,0.0,1.0,3,0,0,0,0,1.0,0.0,0.0,0.0,0.0,0.0,0.0,0.20062494277954102
QUIC_CONNECT1.pcap,172.16.0.38:43123->172.19.0.8:443,3,172.16.0.38,43123,172.19.0.8,443,3,3,0,3882,3882,0,1294.0,1294,1294,0.0,0.0,0.0,1294.0,1294,1294,0.0,0.0,0.0,0.0,0,0,0.0,0.0,0.0,0.10038697719573975,9.5367431640625e-07,0.20077300071716309,0.10038602352142334,0.01007735371844376,0.10038697719573975,9.5367431640625e-07,0.20077300071716309,0.10038602352142334,0.01007735371844376,0.0,0.0,0.0,0.0,0.0,0,3,0.0,1.0,0,0.0,1.0,3,0,0,0,0,1.0,0.0,0.0,0.0,0.0,0.0,0.0,0.2007739543914795
QUIC_CONNECT1.pcap,172.16.0.63:37341->172.19.0.8:443,3,172.16.0.63,37341,172.19.0.8,443,3,3,0,3882,3882,0,1294.0,1294,1294,0.0,0.0,0.0,1294.0,1294,1294,0.0,0.0,0.0,0.0,0,0,0.0,0.0,0.0,0.10039842128753662,9.059906005859375e-06,0.20078778266906738,0.10038936138153076,0.01007802387859158,0.10039842128753662,9.059906005859375e-06,0.20078778266906738,0.10038936138153076,0.01007802387859158,0.0,0.0,0.0,0.0,0.0,0,3,0.0,1.0,0,0.0,1.0,3,0,0,0,0,1.0,0.0,0.0,0.0,0.0,0.0,0.0,0.20079684257507324
QUIC_CONNECT1.pcap,172.16.0.34:45618->172.19.0.8:443,3,172.16.0.34,45618,172.19.0.8,443,3,3,0,3882,3882,0,1294.0,1294,1294,0.0,0.0,0.0,1294.0,1294,1294,0.0,0.0,0.0,0.0,0,0,0.0,0.0,0.0,0.10037600994110107,6.413459777832031e-05,0.20068788528442383,0.10031187534332275,0.010062472334894323,0.10037600994110107,6.413459777832031e-05,0.20068788528442383,0.10031187534332275,0.010062472334894323,0.0,0.0,0.0,0.0,0.0,0,3,0.0,1.0,0,0.0,1.0,3,0,0,0,0,1.0,0.0,0.0,0.0,0.0,0.0,0.0,0.20075201988220215
QUIC_CONNECT1.pcap,172.16.0.56:60104->172.19.0.8:443,3,172.16.0.56,60104,172.19.0.8,443,3,3,0,3882,3882,0,1294.0,1294,1294,0.0,0.0,0.0,1294.0,1294,1294,0.0,0.0,0.0,0.0,0,0,0.0,0.0,0.0,0.10051453113555908,0.0,0.20102906227111816,0.10051453113555908,0.010103170969401276,0.10051453113555908,0.0,0.20102906227111816,0.10051453113555908,0.010103170969401276,0.0,0.0,0.0,0.0,0.0,0,3,0.0,1.0,0,0.0,1.0,3,0,0,0,0,1.0,0.0,0.0,0.0,0.0,0.0,0.0,0.20102906227111816
QUIC_CONNECT1.pcap,172.16.0.42:32794->172.19.0.8:443,3,172.16.0.42,32794,172.19.0.8,443,3,3,0,3882,3882,0,1294.0,1294,1294,0.0,0.0,0.0,1294.0,1294,1294,0.0,0.0,0.0,0.0,0,0,0.0,0.0,0.0,0.10040152072906494,3.814697265625e-05,0.20076489448547363,0.10036337375640869,0.010072806791768585,0.10040152072906494,3.814697265625e-05,0.20076489448547363,0.10036337375640869,0.010072806791768585,0.0,0.0,0.0,0.0,0.0,0,3,0.0,1.0,0,0.0,1.0,3,0,0,0,0,1.0,0.0,0.0,0.0,0.0,0.0,0.0,0.20080304145812988
QUIC_CONNECT1.pcap,172.16.0.59:39289->172.19.0.8:443,3,172.16.0.59,39289,172.19.0.8,443,3,3,0,3882,3882,0,1294.0,1294,1294,0.0,0.0,0.0,1294.0,1294,1294,0.0,0.0,0.0,0.0,0,0,0.0,0.0,0.0,0.10050356388092041,1.71661376953125e-05,0.2009899616241455,0.1004863977432251,0.010097516131409634,0.10050356388092041,1.71661376953125e-05,0.2009899616241455,0.1004863977432251,0.010097516131409634,0.0,0.0,0.0,0.0,0.0,0,3,0.0,1.0,0,0.0,1.0,3,0,0,0,0,1.0,0.0,0.0,0.0,0.0,0.0,0.0,0.20100712776184082
QUIC_CONNECT1.pcap,172.16.0.62:59457->172.19.0.8:443,3,172.16.0.62,59457,172.19.0.8,443,3,3,0,3882,3882,0,1294.0,1294,1294,0.0,0.0,0.0,1294.0,1294,1294,0.0,0.0,0.0,0.0,0,0,0.0,0.0,0.0,0.10053849220275879,9.5367431640625e-07,0.20107603073120117,0.10053753852844238,0.010107796653358037,0.10053849220275879,9.5367431640625e-07,0.20107603073120117,0.10053753852844238,0.010107796653358037,0.0,0.0,0.0,0.0,0.0,0,3,0.0,1.0,0,0.0,1.0,3,0,0,0,0,1.0,0.0,0.0,0.0,0.0,0.0,0.0,0.20107698440551758
QUIC_CONNECT1.pcap,172.16.0.32:47982->172.19.0.8:443,3,172.16.0.32,47982,172.19.0.8,443,3,3,0,3882,3882,0,1294.0,1294,1294,0.0,0.0,0.0,1294.0,1294,1294,0.0,0.0,0.0,0.0,0,0,0.0,0.0,0.0,0.10025990009307861,0.0,0.20051980018615723,0.10025990009307861,0.010052047566674105,0.10025990009307861,0.0,0.20051980018615723,0.10025990009307861,0.010052047566674105,0.0,0.0,0.0,0.0,0.0,0,3,0.0,1.0,0,0.0,1.0,3,0,0,0,0,1.0,0.0,0.0,0.0,0.0,0.0,0.0,0.20051980018615723
QUIC_CONNECT1.pcap,172.16.0.52:56302->172.19.0.8:443,3,172.16.0.52,56302,172.19.0.8,443,3,3,0,3882,3882,0,1294.0,1294,1294,0.0,0.0,0.0,1294.0,1294,1294,0.0,0.0,0.0,0.0,0,0,0.0,0.0,0.0,0.10053849220275879,0.0,0.20107698440551758,0.10053849220275879,0.01010798841440419,0.10053849220275879,0.0,0.20107698440551758,0.10053849220275879,0.01010798841440419,0.0,0.0,0.0,0.0,0.0,0,3,0.0,1.0,0,0.0,1.0,3,0,0,0,0,1.0,0.0,0.0,0.0,0.0,0.0,0.0,0.20107698440551758
QUIC_CONNECT1.pcap,172.16.0.53:32994->172.19.0.8:443,3,172.16.0.53,32994,172.19.0.8,443,3,3,0,3882,3882,0,1294.0,1294,1294,0.0,0.0,0.0,1294.0,1294,1294,0.0,0.0,0.0,0.0,0,0,0.0,0.0,0.0,0.10038948059082031,0.0,0.20077896118164062,0.10038948059082031,0.010078047813294688,0.10038948059082031,0.0,0.20077896118164062,0.10038948059082031,0.010078047813294688,0.0,0.0,0.0,0.0,0.0,0,3,0.0,1.0,0,0.0,1.0,3,0,0,0,0,1.0,0.0,0.0,0.0,0.0,0.0,0.0,0.20077896118164062
QUIC_CONNECT1.pcap,172.16.0.61:50243->172.19.0.8:443,3,172.16.0.61,50243,172.19.0.8,443,3,3,0,3882,3882,0,1294.0,1294,1294,0.0,0.0,0.0,1294.0,1294,1294,0.0,0.0,0.0,0.0,0,0,0.0,0.0,0.0,0.10042548179626465,0.0,0.2008509635925293,0.10042548179626465,0.010085277394011882,0.10042548179626465,0.0,0.2008509635925293,0.10042548179626465,0.010085277394011882,0.0,0.0,0.0,0.0,0.0,0,3,0.0,1.0,0,0.0,1.0,3,0,0,0,0,1.0,0.0,0.0,0.0,0.0,0.0,0.0,0.2008509635925293
QUIC_CONNECT1.pcap,172.16.0.37:56205->172.19.0.8:443,3,172.16.0.37,56205,172.19.0.8,443,3,3,0,3882,3882,0,1294.0,1294,1294,0.0,0.0,0.0,1294.0,1294,1294,0.0,0.0,0.0,0.0,0,0,0.0,0.0,0.0,0.10006201267242432,0.0,0.20012402534484863,0.10006201267242432,0.010012406380056404,0.10006201267242432,0.0,0.20012402534484863,0.10006201267242432,0.010012406380056404,0.0,0.0,0.0,0.0,0.0,0,3,0.0,1.0,0,0.0,1.0,3,0,0,0,0,1.0,0.0,0.0,0.0,0.0,0.0,0.0,0.20012402534484863
QUIC_CONNECT1.pcap,172.16.0.54:33393->172.19.0.8:443,3,172.16.0.54,33393,172.19.0.8,443,3,3,0,3882,3882,0,1294.0,1294,1294,0.0,0.0,0.0,1294.0,1294,1294,0.0,0.0,0.0,0.0,0,0,0.0,0.0,0.0,6.151199340820312e-05,2.5987625122070312e-05,9.703636169433594e-05,3.552436828613281e-05,1.2619807421287987e-09,6.151199340820312e-05,2.5987625122070312e-05,9.703636169433594e-05,3.552436828613281e-05,1.2619807421287987e-09,0.0,0.0,0.0,0.0,0.0,0,3,0.0,1.0,0,0.0,1.0,3,0,0,0,0,1.0,0.0,0.0,0.0,0.0,0.0,0.0,0.00012302398681640625
QUIC_CONNECT1.pcap,172.16.0.49:53677->172.19.0.8:443,3,172.16.0.49,53677,172.19.0.8,443,3,3,0,3882,3882,0,1294.0,1294,1294,0.0,0.0,0.0,1294.0,1294,1294,0.0,0.0,0.0,0.0,0,0,0.0,0.0,0.0,2.7418136596679688e-05,0.0,5.4836273193359375e-05,2.7418136596679688e-05,7.51754214434186e-10,2.7418136596679688e-05,0.0,5.4836273193359375e-05,2.7418136596679688e-05,7.51754214434186e-10,0.0,0.0,0.0,0.0,0.0,0,3,0.0,1.0,0,0.0,1.0,3,0,0,0,0,1.0,0.0,0.0,0.0,0.0,0.0,0.0,5.4836273193359375e-05
QUIC_CONNECT1.pcap,172.16.0.45:45229->172.19.0.8:443,3,172.16.0.45,45229,172.19.0.8,443,3,3,0,3882,3882,0,1294.0,1294,1294,0.0,0.0,0.0,1294.0,1294,1294,0.0,0.0,0.0,0.0,0,0,0.0,0.0,0.0,0.10033154487609863,0.0,0.20066308975219727,0.10033154487609863,0.010066418897224594,0.10033154487609863,0.0,0.20066308975219727,0.10033154487609863,0.010066418897224594,0.0,0.0,0.0,0.0,0.0,0,3,0.0,1.0,0,0.0,1.0,3,0,0,0,0,1.0,0.0,0.0,0.0,0.0,0.0,0.0,0.20066308975219727
QUIC_CONNECT1.pcap,172.16.0.45:50236->172.19.0.8:443,3,172.16.0.45,50236,172.19.0.8,443,3,3,0,3882,3882,0,1294.0,1294,1294,0.0,0.0,0.0,1294.0,1294,1294,0.0,0.0,0.0,0.0,0,0,0.0,0.0,0.0,0.10012292861938477,3.600120544433594e-05,0.2002098560333252,0.10008692741394043,0.01001739303916338,0.10012292861938477,3.600120544433594e-05,0.2002098560333252,0.10008692741394043,0.01001739303916338,0.0,0.0,0.0,0.0,0.0,0,3,0.0,1.0,0,0.0,1.0,3,0,0,0,0,1.0,0.0,0.0,0.0,0.0,0.0,0.0,0.20024585723876953
QUIC_CONNECT1.pcap,172.16.0.24:39715->172.19.0.8:443,3,172.16.0.24,39715,172.19.0.8,443,3,3,0,3882,3882,0,1294.0,1294,1294,0.0,0.0,0.0,1294.0,1294,1294,0.0,0.0,0.0,0.0,0,0,0.0,0.0,0.0,5.8531761169433594e-05,0.0,0.00011706352233886719,5.8531761169433594e-05,3.4259670655956143e-09,5.8531761169433594e-05,0.0,0.00011706352233886719,5.8531761169433594e-05,3.4259670655956143e-09,0.0,0.0,0.0,0.0,0.0,0,3,0.0,1.0,0,0.0,1.0,3,0,0,0,0,1.0,0.0,0.0,0.0,0.0,0.0,0.0,0.00011706352233886719
QUIC_CONNECT1.pcap,172.16.0.49:49335->172.19.0.8:443,3,172.16.0.49,49335,172.19.0.8,443,3,3,0,3882,3882,0,1294.0,1294,1294,0.0,0.0,0.0,1294.0,1294,1294,0.0,0.0,0.0,0.0,0,0,0.0,0.0,0.0,0.08077645301818848,2.7894973754882812e-05,0.16152501106262207,0.0807485580444336,0.006520329626255261,0.08077645301818848,2.7894973754882812e-05,0.16152501106262207,0.0807485580444336,0.006520329626255261,0.0,0.0,0.0,0.0,0.0,0,3,0.0,1.0,0,0.0,1.0,3,0,0,0,0,1.0,0.0,0.0,0.0,0.0,0.0,0.0,0.16155290603637695
QUIC_CONNECT1.pcap,172.16.0.60:44512->172.19.0.8:443,3,172.16.0.60,44512,172.19.0.8,443,3,3,0,3882,3882,0,1294.0,1294,1294,0.0,0.0,0.0,1294.0,1294,1294,0.0,0.0,0.0,0.0,0,0,0.0,0.0,0.0,0.09992051124572754,1.3113021850585938e-05,0.1998279094696045,0.09990739822387695,0.009981488219864332,0.09992051124572754,1.3113021850585938e-05,0.1998279094696045,0.09990739822387695,0.009981488219864332,0.0,0.0,0.0,0.0,0.0,0,3,0.0,1.0,0,0.0,1.0,3,0,0,0,0,1.0,0.0,0.0,0.0,0.0,0.0,0.0,0.19984102249145508
QUIC_CONNECT1.pcap,172.16.0.60:60909->172.19.0.8:443,3,172.16.0.60,60909,172.19.0.8,443,3,3,0,3882,3882,0,1294.0,1294,1294,0.0,0.0,0.0,1294.0,1294,1294,0.0,0.0,0.0,0.0,0,0,0.0,0.0,0.0,0.10048997402191162,2.6941299438476562e-05,0.20095300674438477,0.10046303272247314,0.01009282094379671,0.10048997402191162,2.6941299438476562e-05,0.20095300674438477,0.10046303272247314,0.01009282094379671,0.0,0.0,0.0,0.0,0.0,0,3,0.0,1.0,0,0.0,1.0,3,0,0,0,0,1.0,0.0,0.0,0.0,0.0,0.0,0.0,0.20097994804382324
QUIC_CONNECT1.pcap,172.16.0.41:53935->172.19.0.8:443,3,172.16.0.41,53935,172.19.0.8,443,3,3,0,3882,3882,0,1294.0,1294,1294,0.0,0.0,0.0,1294.0,1294,1294,0.0,0.0,0.0,0.0,0,0,0.0,0.0,0.0,0.10054647922515869,2.9087066650390625e-05,0.201063871383667,0.1005173921585083,0.010103746126347346,0.10054647922515869,2.9087066650390625e-05,0.201063871383667,0.1005173921585083,0.010103746126347346,0.0,0.0,0.0,0.0,0.0,0,3,0.0,1.0,0,0.0,1.0,3,0,0,0,0,1.0,0.0,0.0,0.0,0.0,0.0,0.0,0.20109295845031738
QUIC_CONNECT1.pcap,172.16.0.28:52911->172.19.0.8:443,3,172.16.0.28,52911,172.19.0.8,443,3,3,0,3882,3882,0,1294.0,1294,1294,0.0,0.0,0.0,1294.0,1294,1294,0.0,0.0,0.0,0.0,0,0,0.0,0.0,0.0,0.1003350019454956,2.5033950805664062e-05,0.20064496994018555,0.10030996799468994,0.01006208967909572,0.1003350019454956,2.5033950805664062e-05,0.20064496994018555,0.10030996799468994,0.01006208967909572,0.0,0.0,0.0,0.0,0.0,0,3,0.0,1.0,0,0.0,1.0,3,0,0,0,0,1.0,0.0,0.0,0.0,0.0,0.0,0.0,0.2006700038909912
QUIC_CONNECT1.pcap,172.16.0.28:53834->172.19.0.8:443,3,172.16.0.28,53834,172.19.0.8,443,3,3,0,3882,3882,0,1294.0,1294,1294,0.0,0.0,0.0,1294.0,1294,1294,0.0,0.0,0.0,0.0,0,0,0.0,0.0,0.0,0.10033106803894043,0.00012302398681640625,0.20053911209106445,0.10020804405212402,0.010041652092752429,0.10033106803894043,0.00012302398681640625,0.20053911209106445,0.10020804405212402,0.010041652092752429,0.0,0.0,0.0,0.0,0.0,0,3,0.0,1.0,0,0.0,1.0,3,0,0,0,0,1.0,0.0,0.0,0.0,0.0,0.0,0.0,0.20066213607788086
QUIC_CONNECT1.pcap,172.16.0.48:49559->172.19.0.8:443,3,172.16.0.48,49559,172.19.0.8,443,3,3,0,3882,3882,0,1294.0,1294,1294,0.0,0.0,0.0,1294.0,1294,1294,0.0,0.0,0.0,0.0,0,0,0.0,0.0,0.0,0.10058701038360596,2.8133392333984375e-05,0.20114588737487793,0.10055887699127197,0.010112087741745768,0.10058701038360596,2.8133392333984375e-05,0.20114588737487793,0.10055887699127197,0.010112087741745768,0.0,0.0,0.0,0.0,0.0,0,3,0.0,1.0,0,0.0,1.0,3,0,0,0,0,1.0,0.0,0.0,0.0,0.0,0.0,0.0,0.20117402076721191
QUIC_CONNECT1.pcap,172.16.0.47:41019->172.19.0.8:443,3,172.16.0.47,41019,172.19.0.8,443,3,3,0,3882,3882,0,1294.0,1294,1294,0.0,0.0,0.0,1294.0,1294,1294,0.0,0.0,0.0,0.0,0,0,0.0,0.0,0.0,5.650520324707031e-05,2.4080276489257812e-05,8.893013000488281e-05,3.24249267578125e-05,1.051375875249505e-09,5.650520324707031e-05,2.4080276489257812e-05,8.893013000488281e-05,3.24249267578125e-05,1.051375875249505e-09,0.0,0.0,0.0,0.0,0.0,0,3,0.0,1.0,0,0.0,1.0,3,0,0,0,0,1.0,0.0,0.0,0.0,0.0,0.0,0.0,0.00011301040649414062
QUIC_CONNECT1.pcap,172.16.0.30:40564->172.19.0.8:443,3,172.16.0.30,40564,172.19.0.8,443,3,3,0,3882,3882,0,1294.0,1294,1294,0.0,0.0,0.0,1294.0,1294,1294,0.0,0.0,0.0,0.0,0,0,0.0,0.0,0.0,0.10020899772644043,2.09808349609375e-05,0.20039701461791992,0.10018801689147949,0.01003763872864738,0.10020899772644043,2.09808349609375e-05,0.20039701461791992,0.10018801689147949,0.01003763872864738,0.0,0.0,0.0,0.0,0.0,0,3,0.0,1.0,0,0.0,1.0,3,0,0,0,0,1.0,0.0,0.0,0.0,0.0,0.0,0.0,0.20041799545288086
QUIC_CONNECT1.pcap,172.16.0.37:35867->172.19.0.8:443,3,172.16.0.37,35867,172.19.0.8,443,3,3,0,3882,3882,0,1294.0,1294,1294,0.0,0.0,0.0,1294.0,1294,1294,0.0,0.0,0.0,0.0,0,0,0.0,0.0,0.0,0.10010051727294922,9.5367431640625e-07,0.20020008087158203,0.10009956359863281,0.010019922632636735,0.10010051727294922,9.5367431640625e-07,0.20020008087158203,0.10009956359863281,0.010019922632636735,0.0,0.0,0.0,0.0,0.0,0,3,0.0,1.0,0,0.0,1.0,3,0,0,0,0,1.0,0.0,0.0,0.0,0.0,0.0,0.0,0.20020103454589844
QUIC_CONNECT1.pcap,172.16.0.31:44592->172.19.0.8:443,3,172.16.0.31,44592,172.19.0.8,443,3,3,0,3882,3882,0,1294.0,1294,1294,0.0,0.0,0.0,1294.0,1294,1294,0.0,0.0,0.0,0.0,0,0,0.0,0.0,0.0,0.10024893283843994,0.0,0.20049786567687988,0.10024893283843994,0.010049848535246042,0.10024893283843994,0.0,0.20049786567687988,0.10024893283843994,0.010049848535246042,0.0,0.0,0.0,0.0,0.0,0,3,0.0,1.0,0,0.0,1.0,3,0,0,0,0,1.0,0.0,0.0,0.0,0.0,0.0,0.0,0.20049786567687988
QUIC_CONNECT1.pcap,172.16.0.26:52620->172.19.0.8:443,3,172.16.0.26,52620,172.19.0.8,443,3,1,2,3882,1294,2588,1294.0,1294,1294,0.0,0.0,0.0,1294.0,1294,1294,0.0,0.0,0.0,1294.0,1294,1294,0.0,0.0,0.0,0.09136092662811279,9.679794311523438e-05,0.18262505531311035,0.09126412868499756,0.008329141184631794,0.0,0.0,0.0,0.0,0.0,9.679794311523438e-05,9.679794311523438e-05,9.679794311523438e-05,0.0,0.0,0,3,0.0,1.0,0,0.0,1.0,1,2,0,0,0,0.3333333333333333,0.6666666666666666,0.0,0.0,0.0,0.9182958340544896,0.0,0.18272185325622559
QUIC_CONNECT1.pcap,172.16.0.55:41401->172.19.0.8:443,3,172.16.0.55,41401,172.19.0.8,443,3,1,2,3882,1294,2588,1294.0,1294,1294,0.0,0.0,0.0,1294.0,1294,1294,0.0,0.0,0.0,1294.0,1294,1294,0.0,0.0,0.0,0.0956425666809082,0.00010800361633300781,0.1911771297454834,0.0955345630645752,0.009126852739939295,0.0,0.0,0.0,0.0,0.0,0.00010800361633300781,0.00010800361633300781,0.00010800361633300781,0.0,0.0,0,3,0.0,1.0,0,0.0,1.0,1,2,0,0,0,0.3333333333333333,0.6666666666666666,0.0,0.0,0.0,0.9182958340544896,0.0,0.1912851333618164
QUIC_CONNECT1.pcap,172.16.0.55:48358->172.19.0.8:443,3,172.16.0.55,48358,172.19.0.8,443,3,1,2,3882,1294,2588,1294.0,1294,1294,0.0,0.0,0.0,1294.0,1294,1294,0.0,0.0,0.0,1294.0,1294,1294,0.0,0.0,0.0,0.09992003440856934,0.0001010894775390625,0.1997389793395996,0.09981894493103027,0.009963821767144054,0.0,0.0,0.0,0.0,0.0,0.0001010894775390625,0.0001010894775390625,0.0001010894775390625,0.0,0.0,0,3,0.0,1.0,0,0.0,1.0,1,2,0,0,0,0.3333333333333333,0.6666666666666666,0.0,0.0,0.0,0.9182958340544896,0.0,0.19984006881713867
QUIC_CONNECT1.pcap,172.16.0.24:40491->172.19.0.8:443,3,172.16.0.24,40491,172.19.0.8,443,3,3,0,3882,3882,0,1294.0,1294,1294,0.0,0.0,0.0,1294.0,1294,1294,0.0,0.0,0.0,0.0,0,0,0.0,0.0,0.0,0.012481927871704102,0.0,0.024963855743408203,0.012481927871704102,0.00015579852339442368,0.012481927871704102,0.0,0.024963855743408203,0.012481927871704102,0.00015579852339442368,0.0,0.0,0.0,0.0,0.0,0,3,0.0,1.0,0,0.0,1.0,3,0,0,0,0,1.0,0.0,0.0,0.0,0.0,0.0,0.0,0.024963855743408203
QUIC_CONNECT1.pcap,172.16.0.24:45126->172.19.0.8:443,3,172.16.0.24,45126,172.19.0.8,443,3,3,0,3882,3882,0,1294.0,1294,1294,0.0,0.0,0.0,1294.0,1294,1294,0.0,0.0,0.0,0.0,0,0,0.0,0.0,0.0,0.10023856163024902,0.0,0.20047712326049805,0.10023856163024902,0.010047769237701232,0.10023856163024902,0.0,0.20047712326049805,0.10023856163024902,0.010047769237701232,0.0,0.0,0.0,0.0,0.0,0,3,0.0,1.0,0,0.0,1.0,3,0,0,0,0,1.0,0.0,0.0,0.0,0.0,0.0,0.0,0.20047712326049805
QUIC_CONNECT1.pcap,172.16.0.27:52603->172.19.0.8:443,3,172.16.0.27,52603,172.19.0.8,443,3,3,0,3882,3882,0,1294.0,1294,1294,0.0,0.0,0.0,1294.0,1294,1294,0.0,0.0,0.0,0.0,0,0,0.0,0.0,0.0,0.10035252571105957,4.982948303222656e-05,0.20065522193908691,0.10030269622802734,0.01006063087061193,0.10035252571105957,4.982948303222656e-05,0.20065522193908691,0.10030269622802734,0.01006063087061193,0.0,0.0,0.0,0.0,0.0,0,3,0.0,1.0,0,0.0,1.0,3,0,0,0,0,1.0,0.0,0.0,0.0,0.0,0.0,0.0,0.20070505142211914
QUIC_CONNECT1.pcap,172.16.0.25:55954->172.19.0.8:443,3,172.16.0.25,55954,172.19.0.8,443,3,3,0,3882,3882,0,1294.0,1294,1294,0.0,0.0,0.0,1294.0,1294,1294,0.0,0.0,0.0,0.0,0,0,0.0,0.0,0.0,0.10007643699645996,9.5367431640625e-07,0.20015192031860352,0.10007548332214355,0.010015102362160633,0.10007643699645996,9.5367431640625e-07,0.20015192031860352,0.10007548332214355,0.010015102362160633,0.0,0.0,0.0,0.0,0.0,0,3,0.0,1.0,0,0.0,1.0,3,0,0,0,0,1.0,0.0,0.0,0.0,0.0,0.0,0.0,0.20015287399291992
QUIC_CONNECT1.pcap,172.16.0.29:41686->172.19.0.8:443,3,172.16.0.29,41686,172.19.0.8,443,3,3,0,3882,3882,0,1294.0,1294,1294,0.0,0.0,0.0,1294.0,1294,1294,0.0,0.0,0.0,0.0,0,0,0.0,0.0,0.0,0.10024404525756836,5.1975250244140625e-05,0.20043611526489258,0.10019207000732422,0.010038450892352557,0.10024404525756836,5.1975250244140625e-05,0.20043611526489258,0.10019207000732422,0.010038450892352557,0.0,0.0,0.0,0.0,0.0,0,3,0.0,1.0,0,0.0,1.0,3,0,0,0,0,1.0,0.0,0.0,0.0,0.0,0.0,0.0,0.20048809051513672
QUIC_CONNECT1.pcap,172.16.0.51:38369->172.19.0.8:443,3,172.16.0.51,38369,172.19.0.8,443,3,3,0,3882,3882,0,1294.0,1294,1294,0.0,0.0,0.0,1294.0,1294,1294,0.0,0.0,0.0,0.0,0,0,0.0,0.0,0.0,0.10042905807495117,3.0994415283203125e-05,0.20082712173461914,0.10039806365966797,0.010079771186610742,0.10042905807495117,3.0994415283203125e-05,0.20082712173461914,0.10039806365966797,0.010079771186610742,0.0,0.0,0.0,0.0,0.0,0,3,0.0,1.0,0,0.0,1.0,3,0,0,0,0,1.0,0.0,0.0,0.0,0.0,0.0,0.0,0.20085811614990234
QUIC_CONNECT1.pcap,172.16.0.58:60314->172.19.0.8:443,3,172.16.0.58,60314,172.19.0.8,443,3,3,0,3882,3882,0,1294.0,1294,1294,0.0,0.0,0.0,1294.0,1294,1294,0.0,0.0,0.0,0.0,0,0,0.0,0.0,0.0,0.09146451950073242,0.0,0.18292903900146484,0.09146451950073242,0.008365758327499861,0.09146451950073242,0.0,0.18292903900146484,0.09146451950073242,0.008365758327499861,0.0,0.0,0.0,0.0,0.0,0,3,0.0,1.0,0,0.0,1.0,3,0,0,0,0,1.0,0.0,0.0,0.0,0.0,0.0,0.0,0.18292903900146484
QUIC_CONNECT1.pcap,172.16.0.52:43740->172.19.0.8:443,3,172.16.0.52,43740,172.19.0.8,443,3,3,0,3882,3882,0,1294.0,1294,1294,0.0,0.0,0.0,1294.0,1294,1294,0.0,0.0,0.0,0.0,0,0,0.0,0.0,0.0,0.09519648551940918,2.5033950805664062e-05,0.1903679370880127,0.09517145156860352,0.009057605193675045,0.09519648551940918,2.5033950805664062e-05,0.1903679370880127,0.09517145156860352,0.009057605193675045,0.0,0.0,0.0,0.0,0.0,0,3,0.0,1.0,0,0.0,1.0,3,0,0,0,0,1.0,0.0,0.0,0.0,0.0,0.0,0.0,0.19039297103881836
QUIC_CONNECT1.pcap,172.16.0.36:57092->172.19.0.8:443,3,172.16.0.36,57092,172.19.0.8,443,3,3,0,3882,3882,0,1294.0,1294,1294,0.0,0.0,0.0,1294.0,1294,1294,0.0,0.0,0.0,0.0,0,0,0.0,0.0,0.0,0.09587407112121582,0.0,0.19174814224243164,0.09587407112121582,0.00919183751335595,0.09587407112121582,0.0,0.19174814224243164,0.09587407112121582,0.00919183751335595,0.0,0.0,0.0,0.0,0.0,0,3,0.0,1.0,0,0.0,1.0,3,0,0,0,0,1.0,0.0,0.0,0.0,0.0,0.0,0.0,0.19174814224243164
QUIC_CONNECT1.pcap,172.16.0.43:55344->172.19.0.8:443,3,172.16.0.43,55344,172.19.0.8,443,3,3,0,3882,3882,0,1294.0,1294,1294,0.0,0.0,0.0,1294.0,1294,1294,0.0,0.0,0.0,0.0,0,0,0.0,0.0,0.0,0.09491252899169922,7.295608520507812e-05,0.18975210189819336,0.09483957290649414,0.008994544589086217,0.09491252899169922,7.295608520507812e-05,0.18975210189819336,0.09483957290649414,0.008994544589086217,0.0,0.0,0.0,0.0,0.0,0,3,0.0,1.0,0,0.0,1.0,3,0,0,0,0,1.0,0.0,0.0,0.0,0.0,0.0,0.0,0.18982505798339844
QUIC_CONNECT1.pcap,172.16.0.59:46041->172.19.0.8:443,3,172.16.0.59,46041,172.19.0.8,443,3,3,0,3882,3882,0,1294.0,1294,1294,0.0,0.0,0.0,1294.0,1294,1294,0.0,0.0,0.0,0.0,0,0,0.0,0.0,0.0,0.10023748874664307,0.0,0.20047497749328613,0.10023748874664307,0.010047554150233395,0.10023748874664307,0.0,0.20047497749328613,0.10023748874664307,0.010047554150233395,0.0,0.0,0.0,0.0,0.0,0,3,0.0,1.0,0,0.0,1.0,3,0,0,0,0,1.0,0.0,0.0,0.0,0.0,0.0,0.0,0.20047497749328613
QUIC_CONNECT1.pcap,172.16.0.60:45871->172.19.0.8:443,3,172.16.0.60,45871,172.19.0.8,443,3,3,0,3882,3882,0,1294.0,1294,1294,0.0,0.0,0.0,1294.0,1294,1294,0.0,0.0,0.0,0.0,0,0,0.0,0.0,0.0,0.09469854831695557,6.699562072753906e-05,0.1893301010131836,0.09463155269622803,0.008955130765698982,0.09469854831695557,6.699562072753906e-05,0.1893301010131836,0.09463155269622803,0.008955130765698982,0.0,0.0,0.0,0.0,0.0,0,3,0.0,1.0,0,0.0,1.0,3,0,0,0,0,1.0,0.0,0.0,0.0,0.0,0.0,0.0,0.18939709663391113
QUIC_CONNECT1.pcap,172.16.0.33:49484->172.19.0.8:443,3,172.16.0.33,49484,172.19.0.8,443,3,3,0,3882,3882,0,1294.0,1294,1294,0.0,0.0,0.0,1294.0,1294,1294,0.0,0.0,0.0,0.0,0,0,0.0,0.0,0.0,0.09680652618408203,7.915496826171875e-05,0.19353389739990234,0.09672737121582031,0.009356184342323104,0.09680652618408203,7.915496826171875e-05,0.19353389739990234,0.09672737121582031,0.009356184342323104,0.0,0.0,0.0,0.0,0.0,0,3,0.0,1.0,0,0.0,1.0,3,0,0,0,0,1.0,0.0,0.0,0.0,0.0,0.0,0.0,0.19361305236816406
QUIC_CONNECT1.pcap,172.16.0.46:38617->172.19.0.8:443,3,172.16.0.46,38617,172.19.0.8,443,3,3,0,3882,3882,0,1294.0,1294,1294,0.0,0.0,0.0,1294.0,1294,1294,0.0,0.0,0.0,0.0,0,0,0.0,0.0,0.0,0.09680652618408203,4.9114227294921875e-05,0.19356393814086914,0.09675741195678711,0.009361996768575409,0.09680652618408203,4.9114227294921875e-05,0.19356393814086914,0.09675741195678711,0.009361996768575409,0.0,0.0,0.0,0.0,0.0,0,3,0.0,1.0,0,0.0,1.0,3,0,0,0,0,1.0,0.0,0.0,0.0,0.0,0.0,0.0,0.19361305236816406
QUIC_CONNECT1.pcap,172.16.0.56:36501->172.19.0.8:443,3,172.16.0.56,36501,172.19.0.8,443,3,3,0,3882,3882,0,1294.0,1294,1294,0.0,0.0,0.0,1294.0,1294,1294,0.0,0.0,0.0,0.0,0,0,0.0,0.0,0.0,0.09672701358795166,0.0,0.19345402717590332,0.09672701358795166,0.009356115157643785,0.09672701358795166,0.0,0.19345402717590332,0.09672701358795166,0.009356115157643785,0.0,0.0,0.0,0.0,0.0,0,3,0.0,1.0,0,0.0,1.0,3,0,0,0,0,1.0,0.0,0.0,0.0,0.0,0.0,0.0,0.19345402717590332
QUIC_CONNECT1.pcap,172.16.0.63:33818->172.19.0.8:443,3,172.16.0.63,33818,172.19.0.8,443,3,3,0,3882,3882,0,1294.0,1294,1294,0.0,0.0,0.0,1294.0,1294,1294,0.0,0.0,0.0,0.0,0,0,0.0,0.0,0.0,0.09707200527191162,2.3126602172851562e-05,0.1941208839416504,0.09704887866973877,0.009418484851053677,0.09707200527191162,2.3126602172851562e-05,0.1941208839416504,0.09704887866973877,0.009418484851053677,0.0,0.0,0.0,0.0,0.0,0,3,0.0,1.0,0,0.0,1.0,3,0,0,0,0,1.0,0.0,0.0,0.0,0.0,0.0,0.0,0.19414401054382324
QUIC_CONNECT1.pcap,172.16.0.42:49831->172.19.0.8:443,3,172.16.0.42,49831,172.19.0.8,443,3,3,0,3882,3882,0,1294.0,1294,1294,0.0,0.0,0.0,1294.0,1294,1294,0.0,0.0,0.0,0.0,0,0,0.0,0.0,0.0,0.09743702411651611,4.696846008300781e-05,0.19482707977294922,0.0973900556564331,0.009484822940763138,0.09743702411651611,4.696846008300781e-05,0.19482707977294922,0.0973900556564331,0.009484822940763138,0.0,0.0,0.0,0.0,0.0,0,3,0.0,1.0,0,0.0,1.0,3,0,0,0,0,1.0,0.0,0.0,0.0,0.0,0.0,0.0,0.19487404823303223
QUIC_CONNECT1.pcap,172.16.0.47:45429->172.19.0.8:443,3,172.16.0.47,45429,172.19.0.8,443,3,3,0,3882,3882,0,1294.0,1294,1294,0.0,0.0,0.0,1294.0,1294,1294,0.0,0.0,0.0,0.0,0,0,0.0,0.0,0.0,0.09743702411651611,0.0,0.19487404823303223,0.09743702411651611,0.009493973668682543,0.09743702411651611,0.0,0.19487404823303223,0.09743702411651611,0.009493973668682543,0.0,0.0,0.0,0.0,0.0,0,3,0.0,1.0,0,0.0,1.0,3,0,0,0,0,1.0,0.0,0.0,0.0,0.0,0.0,0.0,0.19487404823303223
QUIC_CONNECT1.pcap,172.16.0.38:57082->172.19.0.8:443,3,172.16.0.38,57082,172.19.0.8,443,3,3,0,3882,3882,0,1294.0,1294,1294,0.0,0.0,0.0,1294.0,1294,1294,0.0,0.0,0.0,0.0,0,0,0.0,0.0,0.0,0.09753739833831787,4.1961669921875e-05,0.19503283500671387,0.097495436668396,0.009505360171161215,0.09753739833831787,4.1961669921875e-05,0.19503283500671387,0.097495436668396,0.009505360171161215,0.0,0.0,0.0,0.0,0.0,0,3,0.0,1.0,0,0.0,1.0,3,0,0,0,0,1.0,0.0,0.0,0.0,0.0,0.0,0.0,0.19507479667663574
QUIC_CONNECT1.pcap,172.16.0.53:55889->172.19.0.8:443,3,172.16.0.53,55889,172.19.0.8,443,3,3,0,3882,3882,0,1294.0,1294,1294,0.0,0.0,0.0,1294.0,1294,1294,0.0,0.0,0.0,0.0,0,0,0.0,0.0,0.0,0.09752798080444336,0.0,0.19505596160888672,0.09752798080444336,0.009511707039791872,0.09752798080444336,0.0,0.19505596160888672,0.09752798080444336,0.009511707039791872,0.0,0.0,0.0,0.0,0.0,0,3,0.0,1.0,0,0.0,1.0,3,0,0,0,0,1.0,0.0,0.0,0.0,0.0,0.0,0.0,0.19505596160888672
QUIC_CONNECT1.pcap,172.16.0.39:45731->172.19.0.8:443,3,172.16.0.39,45731,172.19.0.8,443,3,3,0,3882,3882,0,1294.0,1294,1294,0.0,0.0,0.0,1294.0,1294,1294,0.0,0.0,0.0,0.0,0,0,0.0,0.0,0.0,0.09742748737335205,0.0,0.1948549747467041,0.09742748737335205,0.009492115295884673,0.09742748737335205,0.0,0.1948549747467041,0.09742748737335205,0.009492115295884673,0.0,0.0,0.0,0.0,0.0,0,3,0.0,1.0,0,0.0,1.0,3,0,0,0,0,1.0,0.0,0.0,0.0,0.0,0.0,0.0,0.1948549747467041
QUIC_CONNECT1.pcap,172.16.0.40:38968->172.19.0.8:443,3,172.16.0.40,38968,172.19.0.8,443,3,3,0,3882,3882,0,1294.0,1294,1294,0.0,0.0,0.0,1294.0,1294,1294,0.0,0.0,0.0,0.0,0,0,0.0,0.0,0.0,0.09753739833831787,1.8835067749023438e-05,0.19505596160888672,0.09751856327056885,0.00950987018235594,0.09753739833831787,1.8835067749023438e-05,0.19505596160888672,0.09751856327056885,0.00950987018235594,0.0,0.0,0.0,0.0,0.0,0,3,0.0,1.0,0,0.0,1.0,3,0,0,0,0,1.0,0.0,0.0,0.0,0.0,0.0,0.0,0.19507479667663574
QUIC_CONNECT1.pcap,172.16.0.44:47196->172.19.0.8:443,3,172.16.0.44,47196,172.19.0.8,443,3,3,0,3882,3882,0,1294.0,1294,1294,0.0,0.0,0.0,1294.0,1294,1294,0.0,0.0,0.0,0.0,0,0,0.0,0.0,0.0,0.0975344181060791,4.887580871582031e-05,0.19501996040344238,0.09748554229736328,0.009503430957011005,0.0975344181060791,4.887580871582031e-05,0.19501996040344238,0.09748554229736328,0.009503430957011005,0.0,0.0,0.0,0.0,0.0,0,3,0.0,1.0,0,0.0,1.0,3,0,0,0,0,1.0,0.0,0.0,0.0,0.0,0.0,0.0,0.1950688362121582
QUIC_CONNECT1.pcap,172.16.0.34:43173->172.19.0.8:443,3,172.16.0.34,43173,172.19.0.8,443,3,3,0,3882,3882,0,1294.0,1294,1294,0.0,0.0,0.0,1294.0,1294,1294,0.0,0.0,0.0,0.0,0,0,0.0,0.0,0.0,0.09768950939178467,0.0,0.19537901878356934,0.09768950939178467,0.009543240245207585,0.09768950939178467,0.0,0.19537901878356934,0.09768950939178467,0.009543240245207585,0.0,0.0,0.0,0.0,0.0,0,3,0.0,1.0,0,0.0,1.0,3,0,0,0,0,1.0,0.0,0.0,0.0,0.0,0.0,0.0,0.19537901878356934
QUIC_CONNECT1.pcap,172.16.0.54:44438->172.19.0.8:443,3,172.16.0.54,44438,172.19.0.8,443,3,3,0,3882,3882,0,1294.0,1294,1294,0.0,0.0,0.0,1294.0,1294,1294,0.0,0.0,0.0,0.0,0,0,0.0,0.0,0.0,0.09787797927856445,2.7894973754882812e-05,0.19572806358337402,0.09785008430480957,0.00957463899845834,0.09787797927856445,2.7894973754882812e-05,0.19572806358337402,0.09785008430480957,0.00957463899845834,0.0,0.0,0.0,0.0,0.0,0,3,0.0,1.0,0,0.0,1.0,3,0,0,0,0,1.0,0.0,0.0,0.0,0.0,0.0,0.0,0.1957559585571289
QUIC_CONNECT1.pcap,172.16.0.24:50074->172.19.0.8:443,3,172.16.0.24,50074,172.19.0.8,443,3,3,0,3882,3882,0,1294.0,1294,1294,0.0,0.0,0.0,1294.0,1294,1294,0.0,0.0,0.0,0.0,0,0,0.0,0.0,0.0,0.09777092933654785,0.0,0.1955418586730957,0.09777092933654785,0.009559154623332233,0.09777092933654785,0.0,0.1955418586730957,0.09777092933654785,0.009559154623332233,0.0,0.0,0.0,0.0,0.0,0,3,0.0,1.0,0,0.0,1.0,3,0,0,0,0,1.0,0.0,0.0,0.0,0.0,0.0,0.0,0.1955418586730957
QUIC_CONNECT1.pcap,172.16.0.62:36011->172.19.0.8:443,3,172.16.0.62,36011,172.19.0.8,443,3,3,0,3882,3882,0,1294.0,1294,1294,0.0,0.0,0.0,1294.0,1294,1294,0.0,0.0,0.0,0.0,0,0,0.0,0.0,0.0,0.09716558456420898,0.0,0.19433116912841797,0.09716558456420898,0.009441150823704447,0.09716558456420898,0.0,0.19433116912841797,0.09716558456420898,0.009441150823704447,0.0,0.0,0.0,0.0,0.0,0,3,0.0,1.0,0,0.0,1.0,3,0,0,0,0,1.0,0.0,0.0,0.0,0.0,0.0,0.0,0.19433116912841797
QUIC_CONNECT1.pcap,172.16.0.32:34361->172.19.0.8:443,3,172.16.0.32,34361,172.19.0.8,443,3,3,0,3882,3882,0,1294.0,1294,1294,0.0,0.0,0.0,1294.0,1294,1294,0.0,0.0,0.0,0.0,0,0,0.0,0.0,0.0,0.10050594806671143,1.1920928955078125e-05,0.20099997520446777,0.10049402713775635,0.01009904949036411,0.10050594806671143,1.1920928955078125e-05,0.20099997520446777,0.10049402713775635,0.01009904949036411,0.0,0.0,0.0,0.0,0.0,0,3,0.0,1.0,0,0.0,1.0,3,0,0,0,0,1.0,0.0,0.0,0.0,0.0,0.0,0.0,0.20101189613342285
QUIC_CONNECT1.pcap,172.16.0.49:52926->172.19.0.8:443,3,172.16.0.49,52926,172.19.0.8,443,3,3,0,3882,3882,0,1294.0,1294,1294,0.0,0.0,0.0,1294.0,1294,1294,0.0,0.0,0.0,0.0,0,0,0.0,0.0,0.0,0.09353494644165039,0.0,0.18706989288330078,0.09353494644165039,0.008748786205842407,0.09353494644165039,0.0,0.18706989288330078,0.09353494644165039,0.008748786205842407,0.0,0.0,0.0,0.0,0.0,0,3,0.0,1.0,0,0.0,1.0,3,0,0,0,0,1.0,0.0,0.0,0.0,0.0,0.0,0.0,0.18706989288330078
QUIC_CONNECT1.pcap,172.16.0.57:47040->172.19.0.8:443,3,172.16.0.57,47040,172.19.0.8,443,3,3,0,3882,3882,0,1294.0,1294,1294,0.0,0.0,0.0,1294.0,1294,1294,0.0,0.0,0.0,0.0,0,0,0.0,0.0,0.0,0.09290552139282227,4.00543212890625e-05,0.18577098846435547,0.0928654670715332,0.008623994974414018,0.09290552139282227,4.00543212890625e-05,0.18577098846435547,0.0928654670715332,0.008623994974414018,0.0,0.0,0.0,0.0,0.0,0,3,0.0,1.0,0,0.0,1.0,3,0,0,0,0,1.0,0.0,0.0,0.0,0.0,0.0,0.0,0.18581104278564453
QUIC_CONNECT1.pcap,172.16.0.50:38654->172.19.0.8:443,3,172.16.0.50,38654,172.19.0.8,443,3,3,0,3882,3882,0,1294.0,1294,1294,0.0,0.0,0.0,1294.0,1294,1294,0.0,0.0,0.0,0.0,0,0,0.0,0.0,0.0,0.10009407997131348,7.152557373046875e-06,0.2001810073852539,0.10008692741394043,0.01001739303916338,0.10009407997131348,7.152557373046875e-06,0.2001810073852539,0.10008692741394043,0.01001739303916338,0.0,0.0,0.0,0.0,0.0,0,3,0.0,1.0,0,0.0,1.0,3,0,0,0,0,1.0,0.0,0.0,0.0,0.0,0.0,0.0,0.20018815994262695
QUIC_CONNECT1.pcap,172.16.0.61:44470->172.19.0.8:443,3,172.16.0.61,44470,172.19.0.8,443,3,3,0,3882,3882,0,1294.0,1294,1294,0.0,0.0,0.0,1294.0,1294,1294,0.0,0.0,0.0,0.0,0,0,0.0,0.0,0.0,0.10015356540679932,3.1948089599609375e-05,0.20027518272399902,0.10012161731719971,0.010024338254211784,0.10015356540679932,3.1948089599609375e-05,0.20027518272399902,0.10012161731719971,0.010024338254211784,0.0,0.0,0.0,0.0,0.0,0,3,0.0,1.0,0,0.0,1.0,3,0,0,0,0,1.0,0.0,0.0,0.0,0.0,0.0,0.0,0.20030713081359863
QUIC_CONNECT1.pcap,172.16.0.45:37481->172.19.0.8:443,3,172.16.0.45,37481,172.19.0.8,443,3,3,0,3882,3882,0,1294.0,1294,1294,0.0,0.0,0.0,1294.0,1294,1294,0.0,0.0,0.0,0.0,0,0,0.0,0.0,0.0,0.0793914794921875,0.0,0.158782958984375,0.0793914794921875,0.006303007015958428,0.0793914794921875,0.0,0.158782958984375,0.0793914794921875,0.006303007015958428,0.0,0.0,0.0,0.0,0.0,0,3,0.0,1.0,0,0.0,1.0,3,0,0,0,0,1.0,0.0,0.0,0.0,0.0,0.0,0.0,0.158782958984375
QUIC_CONNECT1.pcap,172.16.0.28:33817->172.19.0.8:443,3,172.16.0.28,33817,172.19.0.8,443,3,3,0,3882,3882,0,1294.0,1294,1294,0.0,0.0,0.0,1294.0,1294,1294,0.0,0.0,0.0,0.0,0,0,0.0,0.0,0.0,0.1003730297088623,4.220008850097656e-05,0.20070385932922363,0.10033082962036133,0.010066275372309974,0.1003730297088623,4.220008850097656e-05,0.20070385932922363,0.10033082962036133,0.010066275372309974,0.0,0.0,0.0,0.0,0.0,0,3,0.0,1.0,0,0.0,1.0,3,0,0,0,0,1.0,0.0,0.0,0.0,0.0,0.0,0.0,0.2007460594177246
QUIC_CONNECT1.pcap,172.16.0.41:44501->172.19.0.8:443,3,172.16.0.41,44501,172.19.0.8,443,3,1,2,3882,1294,2588,1294.0,1294,1294,0.0,0.0,0.0,1294.0,1294,1294,0.0,0.0,0.0,1294.0,1294,1294,0.0,0.0,0.0,0.021852493286132812,0.00011301040649414062,0.043591976165771484,0.021739482879638672,0.0004726051158741029,0.0,0.0,0.0,0.0,0.0,0.00011301040649414062,0.00011301040649414062,0.00011301040649414062,0.0,0.0,0,3,0.0,1.0,0,0.0,1.0,1,2,0,0,0,0.3333333333333333,0.6666666666666666,0.0,0.0,0.0,0.9182958340544896,0.0,0.043704986572265625
QUIC_CONNECT1.pcap,172.16.0.48:51585->172.19.0.8:443,3,172.16.0.48,51585,172.19.0.8,443,3,1,2,3882,1294,2588,1294.0,1294,1294,0.0,0.0,0.0,1294.0,1294,1294,0.0,0.0,0.0,1294.0,1294,1294,0.0,0.0,0.0,0.030930042266845703,0.00011610984802246094,0.061743974685668945,0.030813932418823242,0.000949498431111806,0.0,0.0,0.0,0.0,0.0,0.00011610984802246094,0.00011610984802246094,0.00011610984802246094,0.0,0.0,0,3,0.0,1.0,0,0.0,1.0,1,2,0,0,0,0.3333333333333333,0.6666666666666666,0.0,0.0,0.0,0.9182958340544896,0.0,0.061860084533691406
QUIC_CONNECT1.pcap,172.16.0.30:60378->172.19.0.8:443,3,172.16.0.30,60378,172.19.0.8,443,3,3,0,3882,3882,0,1294.0,1294,1294,0.0,0.0,0.0,1294.0,1294,1294,0.0,0.0,0.0,0.0,0,0,0.0,0.0,0.0,0.10033953189849854,3.0040740966796875e-05,0.20064902305603027,0.10030949115753174,0.010061994016282938,0.10033953189849854,3.0040740966796875e-05,0.20064902305603027,0.10030949115753174,0.010061994016282938,0.0,0.0,0.0,0.0,0.0,0,3,0.0,1.0,0,0.0,1.0,3,0,0,0,0,1.0,0.0,0.0,0.0,0.0,0.0,0.0,0.20067906379699707
QUIC_CONNECT1.pcap,172.16.0.37:57541->172.19.0.8:443,3,172.16.0.37,57541,172.19.0.8,443,3,3,0,3882,3882,0,1294.0,1294,1294,0.0,0.0,0.0,1294.0,1294,1294,0.0,0.0,0.0,0.0,0,0,0.0,0.0,0.0,0.10033953189849854,2.5033950805664062e-05,0.2006540298461914,0.10031449794769287,0.010062998498497677,0.10033953189849854,2.5033950805664062e-05,0.2006540298461914,0.10031449794769287,0.010062998498497677,0.0,0.0,0.0,0.0,0.0,0,3,0.0,1.0,0,0.0,1.0,3,0,0,0,0,1.0,0.0,0.0,0.0,0.0,0.0,0.0,0.20067906379699707
QUIC_CONNECT1.pcap,172.16.0.31:43049->172.19.0.8:443,3,172.16.0.31,43049,172.19.0.8,443,3,3,0,3882,3882,0,1294.0,1294,1294,0.0,0.0,0.0,1294.0,1294,1294,0.0,0.0,0.0,0.0,0,0,0.0,0.0,0.0,0.10041093826293945,2.5033950805664062e-05,0.20079684257507324,0.10038590431213379,0.010077329784564881,0.10041093826293945,2.5033950805664062e-05,0.20079684257507324,0.10038590431213379,0.010077329784564881,0.0,0.0,0.0,0.0,0.0,0,3,0.0,1.0,0,0.0,1.0,3,0,0,0,0,1.0,0.0,0.0,0.0,0.0,0.0,0.0,0.2008218765258789
QUIC_CONNECT1.pcap,172.16.0.55:58329->172.19.0.8:443,3,172.16.0.55,58329,172.19.0.8,443,3,3,0,3882,3882,0,1294.0,1294,1294,0.0,0.0,0.0,1294.0,1294,1294,0.0,0.0,0.0,0.0,0,0,0.0,0.0,0.0,0.06798756122589111,4.410743713378906e-05,0.13593101501464844,0.06794345378875732,0.004616312912745002,0.06798756122589111,4.410743713378906e-05,0.13593101501464844,0.06794345378875732,0.004616312912745002,0.0,0.0,0.0,0.0,0.0,0,3,0.0,1.0,0,0.0,1.0,3,0,0,0,0,1.0,0.0,0.0,0.0,0.0,0.0,0.0,0.13597512245178223
QUIC_CONNECT1.pcap,172.16.0.26:40360->172.19.0.8:443,3,172.16.0.26,40360,172.19.0.8,443,3,3,0,3882,3882,0,1294.0,1294,1294,0.0,0.0,0.0,1294.0,1294,1294,0.0,0.0,0.0,0.0,0,0,0.0,0.0,0.0,0.1003180742263794,1.1920928955078125e-06,0.20063495635986328,0.10031688213348389,0.010063476840983299,0.1003180742263794,1.1920928955078125e-06,0.20063495635986328,0.10031688213348389,0.010063476840983299,0.0,0.0,0.0,0.0,0.0,0,3,0.0,1.0,0,0.0,1.0,3,0,0,0,0,1.0,0.0,0.0,0.0,0.0,0.0,0.0,0.2006361484527588
QUIC_CONNECT1.pcap,172.16.0.27:57778->172.19.0.8:443,3,172.16.0.27,57778,172.19.0.8,443,3,1,2,3882,1294,2588,1294.0,1294,1294,0.0,0.0,0.0,1294.0,1294,1294,0.0,0.0,0.0,1294.0,1294,1294,0.0,0.0,0.0,0.004768967628479004,0.00011301040649414062,0.009424924850463867,0.004655957221984863,2.1677937652953005e-05,0.0,0.0,0.0,0.0,0.0,0.00011301040649414062,0.00011301040649414062,0.00011301040649414062,0.0,0.0,0,3,0.0,1.0,0,0.0,1.0,1,2,0,0,0,0.3333333333333333,0.6666666666666666,0.0,0.0,0.0,0.9182958340544896,0.0,0.009537935256958008
QUIC_CONNECT1.pcap,172.16.0.25:47965->172.19.0.8:443,3,172.16.0.25,47965,172.19.0.8,443,3,1,2,3882,1294,2588,1294.0,1294,1294,0.0,0.0,0.0,1294.0,1294,1294,0.0,0.0,0.0,1294.0,1294,1294,0.0,0.0,0.0,0.01327657699584961,0.0001010894775390625,0.026452064514160156,0.013175487518310547,0.000173593471345157,0.0,0.0,0.0,0.0,0.0,0.0001010894775390625,0.0001010894775390625,0.0001010894775390625,0.0,0.0,0,3,0.0,1.0,0,0.0,1.0,1,2,0,0,0,0.3333333333333333,0.6666666666666666,0.0,0.0,0.0,0.9182958340544896,0.0,0.02655315399169922
QUIC_CONNECT1.pcap,172.16.0.29:55027->172.19.0.8:443,3,172.16.0.29,55027,172.19.0.8,443,3,1,2,3882,1294,2588,1294.0,1294,1294,0.0,0.0,0.0,1294.0,1294,1294,0.0,0.0,0.0,1294.0,1294,1294,0.0,0.0,0.0,0.020454049110412598,0.00010704994201660156,0.040801048278808594,0.020346999168395996,0.00041400037515870736,0.0,0.0,0.0,0.0,0.0,0.00010704994201660156,0.00010704994201660156,0.00010704994201660156,0.0,0.0,0,3,0.0,1.0,0,0.0,1.0,1,2,0,0,0,0.3333333333333333,0.6666666666666666,0.0,0.0,0.0,0.9182958340544896,0.0,0.040908098220825195
QUIC_CONNECT1.pcap,172.16.0.58:59819->172.19.0.8:443,3,172.16.0.58,59819,172.19.0.8,443,3,1,2,3882,1294,2588,1294.0,1294,1294,0.0,0.0,0.0,1294.0,1294,1294,0.0,0.0,0.0,1294.0,1294,1294,0.0,0.0,0.0,0.02847599983215332,0.00010204315185546875,0.05684995651245117,0.02837395668029785,0.0008050814176954191,0.0,0.0,0.0,0.0,0.0,0.00010204315185546875,0.00010204315185546875,0.00010204315185546875,0.0,0.0,0,3,0.0,1.0,0,0.0,1.0,1,2,0,0,0,0.3333333333333333,0.6666666666666666,0.0,0.0,0.0,0.9182958340544896,0.0,0.05695199966430664
QUIC_CONNECT1.pcap,172.16.0.51:41923->172.19.0.8:443,3,172.16.0.51,41923,172.19.0.8,443,3,1,2,3882,1294,2588,1294.0,1294,1294,0.0,0.0,0.0,1294.0,1294,1294,0.0,0.0,0.0,1294.0,1294,1294,0.0,0.0,0.0,0.028687477111816406,9.393692016601562e-05,0.0572810173034668,0.02859354019165039,0.0008175905406915263,0.0,0.0,0.0,0.0,0.0,9.393692016601562e-05,9.393692016601562e-05,9.393692016601562e-05,0.0,0.0,0,3,0.0,1.0,0,0.0,1.0,1,2,0,0,0,0.3333333333333333,0.6666666666666666,0.0,0.0,0.0,0.9182958340544896,0.0,0.05737495422363281
QUIC_CONNECT1.pcap,172.16.0.43:56431->172.19.0.8:443,3,172.16.0.43,56431,172.19.0.8,443,3,1,2,3882,1294,2588,1294.0,1294,1294,0.0,0.0,0.0,1294.0,1294,1294,0.0,0.0,0.0,1294.0,1294,1294,0.0,0.0,0.0,0.013862013816833496,9.894371032714844e-05,0.027625083923339844,0.013763070106506348,0.00018942209875660865,0.0,0.0,0.0,0.0,0.0,9.894371032714844e-05,9.894371032714844e-05,9.894371032714844e-05,0.0,0.0,0,3,0.0,1.0,0,0.0,1.0,1,2,0,0,0,0.3333333333333333,0.6666666666666666,0.0,0.0,0.0,0.9182958340544896,0.0,0.027724027633666992
QUIC_CONNECT1.pcap,172.16.0.46:35544->172.19.0.8:443,3,172.16.0.46,35544,172.19.0.8,443,3,1,2,3882,1294,2588,1294.0,1294,1294,0.0,0.0,0.0,1294.0,1294,1294,0.0,0.0,0.0,1294.0,1294,1294,0.0,0.0,0.0,0.0261075496673584,9.107589721679688e-05,0.0521240234375,0.0260164737701416,0.000676856907432466,0.0,0.0,0.0,0.0,0.0,9.107589721679688e-05,9.107589721679688e-05,9.107589721679688e-05,0.0,0.0,0,3,0.0,1.0,0,0.0,1.0,1,2,0,0,0,0.3333333333333333,0.6666666666666666,0.0,0.0,0.0,0.9182958340544896,0.0,0.0522150993347168
QUIC_CONNECT1.pcap,172.16.0.40:42520->172.19.0.8:443,3,172.16.0.40,42520,172.19.0.8,443,3,1,2,3882,1294,2588,1294.0,1294,1294,0.0,0.0,0.0,1294.0,1294,1294,0.0,0.0,0.0,1294.0,1294,1294,0.0,0.0,0.0,0.035538434982299805,0.00010204315185546875,0.07097482681274414,0.035436391830444336,0.001255737865960782,0.0,0.0,0.0,0.0,0.0,0.00010204315185546875,0.00010204315185546875,0.00010204315185546875,0.0,0.0,0,3,0.0,1.0,0,0.0,1.0,1,2,0,0,0,0.3333333333333333,0.6666666666666666,0.0,0.0,0.0,0.9182958340544896,0.0,0.07107686996459961
QUIC_CONNECT1.pcap,172.16.0.50:33164->172.19.0.8:443,3,172.16.0.50,33164,172.19.0.8,443,3,1,2,3882,1294,2588,1294.0,1294,1294,0.0,0.0,0.0,1294.0,1294,1294,0.0,0.0,0.0,1294.0,1294,1294,0.0,0.0,0.0,0.03914356231689453,9.012222290039062e-05,0.07819700241088867,0.03905344009399414,0.001525171183175189,0.0,0.0,0.0,0.0,0.0,9.012222290039062e-05,9.012222290039062e-05,9.012222290039062e-05,0.0,0.0,0,3,0.0,1.0,0,0.0,1.0,1,2,0,0,0,0.3333333333333333,0.6666666666666666,0.0,0.0,0.0,0.9182958340544896,0.0,0.07828712463378906
QUIC_CONNECT1.pcap,172.16.0.62:52056->172.19.0.8:443,3,172.16.0.62,52056,172.19.0.8,443,3,1,2,3882,1294,2588,1294.0,1294,1294,0.0,0.0,0.0,1294.0,1294,1294,0.0,0.0,0.0,1294.0,1294,1294,0.0,0.0,0.0,0.043588995933532715,8.893013000488281e-05,0.08708906173706055,0.04350006580352783,0.0018922557249112515,0.0,0.0,0.0,0.0,0.0,8.893013000488281e-05,8.893013000488281e-05,8.893013000488281e-05,0.0,0.0,0,3,0.0,1.0,0,0.0,1.0,1,2,0,0,0,0.3333333333333333,0.6666666666666666,0.0,0.0,0.0,0.9182958340544896,0.0,0.08717799186706543
QUIC_CONNECT1.pcap,172.16.0.57:53838->172.19.0.8:443,3,172.16.0.57,53838,172.19.0.8,443,3,1,2,3882,1294,2588,1294.0,1294,1294,0.0,0.0,0.0,1294.0,1294,1294,0.0,0.0,0.0,1294.0,1294,1294,0.0,0.0,0.0,0.04800307750701904,0.00011301040649414062,0.09589314460754395,0.0478900671005249,0.0022934585268927776,0.0,0.0,0.0,0.0,0.0,0.00011301040649414062,0.00011301040649414062,0.00011301040649414062,0.0,0.0,0,3,0.0,1.0,0,0.0,1.0,1,2,0,0,0,0.3333333333333333,0.6666666666666666,0.0,0.0,0.0,0.9182958340544896,0.0,0.09600615501403809
QUIC_CONNECT1.pcap,172.16.0.36:43242->172.19.0.8:443,3,172.16.0.36,43242,172.19.0.8,443,3,1,2,3882,1294,2588,1294.0,1294,1294,0.0,0.0,0.0,1294.0,1294,1294,0.0,0.0,0.0,1294.0,1294,1294,0.0,0.0,0.0,0.052655577659606934,9.417533874511719e-05,0.10521697998046875,0.052561402320861816,0.002762701013935498,0.0,0.0,0.0,0.0,0.0,9.417533874511719e-05,9.417533874511719e-05,9.417533874511719e-05,0.0,0.0,0,3,0.0,1.0,0,0.0,1.0,1,2,0,0,0,0.3333333333333333,0.6666666666666666,0.0,0.0,0.0,0.9182958340544896,0.0,0.10531115531921387
QUIC_CONNECT1.pcap,172.16.0.34:38773->172.19.0.8:443,3,172.16.0.34,38773,172.19.0.8,443,3,1,2,3882,1294,2588,1294.0,1294,1294,0.0,0.0,0.0,1294.0,1294,1294,0.0,0.0,0.0,1294.0,1294,1294,0.0,0.0,0.0,0.0669565200805664,9.799003601074219e-05,0.13381505012512207,0.06685853004455566,0.004470063039718752,0.0,0.0,0.0,0.0,0.0,9.799003601074219e-05,9.799003601074219e-05,9.799003601074219e-05,0.0,0.0,0,3,0.0,1.0,0,0.0,1.0,1,2,0,0,0,0.3333333333333333,0.6666666666666666,0.0,0.0,0.0,0.9182958340544896,0.0,0.1339130401611328
QUIC_CONNECT1.pcap,172.16.0.33:47735->172.19.0.8:443,3,172.16.0.33,47735,172.19.0.8,443,3,1,2,3882,1294,2588,1294.0,1294,1294,0.0,0.0,0.0,1294.0,1294,1294,0.0,0.0,0.0,1294.0,1294,1294,0.0,0.0,0.0,0.0737919807434082,0.000125885009765625,0.14745807647705078,0.07366609573364258,0.005426693660638193,0.0,0.0,0.0,0.0,0.0,0.000125885009765625,0.000125885009765625,0.000125885009765625,0.0,0.0,0,3,0.0,1.0,0,0.0,1.0,1,2,0,0,0,0.3333333333333333,0.6666666666666666,0.0,0.0,0.0,0.9182958340544896,0.0,0.1475839614868164
QUIC_CONNECT1.pcap,172.16.0.44:42708->172.19.0.8:443,3,172.16.0.44,42708,172.19.0.8,443,3,1,2,3882,1294,2588,1294.0,1294,1294,0.0,0.0,0.0,1294.0,1294,1294,0.0,0.0,0.0,1294.0,1294,1294,0.0,0.0,0.0,0.07810354232788086,0.00012302398681640625,0.1560840606689453,0.07798051834106445,0.00608096124074109,0.0,0.0,0.0,0.0,0.0,0.00012302398681640625,0.00012302398681640625,0.00012302398681640625,0.0,0.0,0,3,0.0,1.0,0,0.0,1.0,1,2,0,0,0,0.3333333333333333,0.6666666666666666,0.0,0.0,0.0,0.9182958340544896,0.0,0.15620708465576172
QUIC_CONNECT1.pcap,172.16.0.61:47098->172.19.0.8:443,3,172.16.0.61,47098,172.19.0.8,443,3,1,2,3882,1294,2588,1294.0,1294,1294,0.0,0.0,0.0,1294.0,1294,1294,0.0,0.0,0.0,1294.0,1294,1294,0.0,0.0,0.0,0.08266294002532959,9.179115295410156e-05,0.16523408889770508,0.08257114887237549,0.006817994626103996,0.0,0.0,0.0,0.0,0.0,9.179115295410156e-05,9.179115295410156e-05,9.179115295410156e-05,0.0,0.0,0,3,0.0,1.0,0,0.0,1.0,1,2,0,0,0,0.3333333333333333,0.6666666666666666,0.0,0.0,0.0,0.9182958340544896,0.0,0.16532588005065918
QUIC_CONNECT1.pcap,172.16.0.63:55306->172.19.0.8:443,3,172.16.0.63,55306,172.19.0.8,443,3,3,0,3882,3882,0,1294.0,1294,1294,0.0,0.0,0.0,1294.0,1294,1294,0.0,0.0,0.0,0.0,0,0,0.0,0.0,0.0,0.1002739667892456,1.1920928955078125e-05,0.20053601264953613,0.10026204586029053,0.010052477840091001,0.1002739667892456,1.1920928955078125e-05,0.20053601264953613,0.10026204586029053,0.010052477840091001,0.0,0.0,0.0,0.0,0.0,0,3,0.0,1.0,0,0.0,1.0,3,0,0,0,0,1.0,0.0,0.0,0.0,0.0,0.0,0.0,0.2005479335784912
QUIC_CONNECT1.pcap,172.16.0.56:53539->172.19.0.8:443,3,172.16.0.56,53539,172.19.0.8,443,3,3,0,3882,3882,0,1294.0,1294,1294,0.0,0.0,0.0,1294.0,1294,1294,0.0,0.0,0.0,0.0,0,0,0.0,0.0,0.0,0.09944796562194824,0.0,0.19889593124389648,0.09944796562194824,0.0098898978663442,0.09944796562194824,0.0,0.19889593124389648,0.09944796562194824,0.0098898978663442,0.0,0.0,0.0,0.0,0.0,0,3,0.0,1.0,0,0.0,1.0,3,0,0,0,0,1.0,0.0,0.0,0.0,0.0,0.0,0.0,0.19889593124389648
QUIC_CONNECT1.pcap,172.16.0.47:54930->172.19.0.8:443,3,172.16.0.47,54930,172.19.0.8,443,3,3,0,3882,3882,0,1294.0,1294,1294,0.0,0.0,0.0,1294.0,1294,1294,0.0,0.0,0.0,0.0,0,0,0.0,0.0,0.0,0.10048353672027588,0.0,0.20096707344055176,0.10048353672027588,0.010096941151815031,0.10048353672027588,0.0,0.20096707344055176,0.10048353672027588,0.010096941151815031,0.0,0.0,0.0,0.0,0.0,0,3,0.0,1.0,0,0.0,1.0,3,0,0,0,0,1.0,0.0,0.0,0.0,0.0,0.0,0.0,0.20096707344055176
QUIC_CONNECT1.pcap,172.16.0.42:56509->172.19.0.8:443,3,172.16.0.42,56509,172.19.0.8,443,3,3,0,3882,3882,0,1294.0,1294,1294,0.0,0.0,0.0,1294.0,1294,1294,0.0,0.0,0.0,0.0,0,0,0.0,0.0,0.0,0.10030198097229004,3.0040740966796875e-05,0.20057392120361328,0.10027194023132324,0.01005446199775406,0.10030198097229004,3.0040740966796875e-05,0.20057392120361328,0.10027194023132324,0.01005446199775406,0.0,0.0,0.0,0.0,0.0,0,3,0.0,1.0,0,0.0,1.0,3,0,0,0,0,1.0,0.0,0.0,0.0,0.0,0.0,0.0,0.20060396194458008
QUIC_CONNECT1.pcap,172.16.0.45:44401->172.19.0.8:443,3,172.16.0.45,44401,172.19.0.8,443,3,3,0,3882,3882,0,1294.0,1294,1294,0.0,0.0,0.0,1294.0,1294,1294,0.0,0.0,0.0,0.0,0,0,0.0,0.0,0.0,0.10045039653778076,0.0,0.20090079307556152,0.10045039653778076,0.010090282164597397,0.10045039653778076,0.0,0.20090079307556152,0.10045039653778076,0.010090282164597397,0.0,0.0,0.0,0.0,0.0,0,3,0.0,1.0,0,0.0,1.0,3,0,0,0,0,1.0,0.0,0.0,0.0,0.0,0.0,0.0,0.20090079307556152
QUIC_CONNECT1.pcap,172.16.0.60:47690->172.19.0.8:443,3,172.16.0.60,47690,172.19.0.8,443,3,3,0,3882,3882,0,1294.0,1294,1294,0.0,0.0,0.0,1294.0,1294,1294,0.0,0.0,0.0,0.0,0,0,0.0,0.0,0.0,0.09653949737548828,0.0,0.19307899475097656,0.09653949737548828,0.009319874553511909,0.09653949737548828,0.0,0.19307899475097656,0.09653949737548828,0.009319874553511909,0.0,0.0,0.0,0.0,0.0,0,3,0.0,1.0,0,0.0,1.0,3,0,0,0,0,1.0,0.0,0.0,0.0,0.0,0.0,0.0,0.19307899475097656
QUIC_CONNECT1.pcap,172.16.0.32:46648->172.19.0.8:443,3,172.16.0.32,46648,172.19.0.8,443,3,3,0,3882,3882,0,1294.0,1294,1294,0.0,0.0,0.0,1294.0,1294,1294,0.0,0.0,0.0,0.0,0,0,0.0,0.0,0.0,0.10016953945159912,0.0,0.20033907890319824,0.10016953945159912,0.010033936633945473,0.10016953945159912,0.0,0.20033907890319824,0.10016953945159912,0.010033936633945473,0.0,0.0,0.0,0.0,0.0,0,3,0.0,1.0,0,0.0,1.0,3,0,0,0,0,1.0,0.0,0.0,0.0,0.0,0.0,0.0,0.20033907890319824
QUIC_CONNECT1.pcap,172.16.0.24:59090->172.19.0.8:443,3,172.16.0.24,59090,172.19.0.8,443,3,3,0,3882,3882,0,1294.0,1294,1294,0.0,0.0,0.0,1294.0,1294,1294,0.0,0.0,0.0,0.0,0,0,0.0,0.0,0.0,0.09625101089477539,0.0,0.19250202178955078,0.09625101089477539,0.009264257098266171,0.09625101089477539,0.0,0.19250202178955078,0.09625101089477539,0.009264257098266171,0.0,0.0,0.0,0.0,0.0,0,3,0.0,1.0,0,0.0,1.0,3,0,0,0,0,1.0,0.0,0.0,0.0,0.0,0.0,0.0,0.19250202178955078
QUIC_CONNECT1.pcap,172.16.0.39:38024->172.19.0.8:443,3,172.16.0.39,38024,172.19.0.8,443,3,3,0,3882,3882,0,1294.0,1294,1294,0.0,0.0,0.0,1294.0,1294,1294,0.0,0.0,0.0,0.0,0,0,0.0,0.0,0.0,0.10027754306793213,4.291534423828125e-05,0.20051217079162598,0.10023462772369385,0.010046980594907495,0.10027754306793213,4.291534423828125e-05,0.20051217079162598,0.10023462772369385,0.010046980594907495,0.0,0.0,0.0,0.0,0.0,0,3,0.0,1.0,0,0.0,1.0,3,0,0,0,0,1.0,0.0,0.0,0.0,0.0,0.0,0.0,0.20055508613586426
QUIC_CONNECT1.pcap,172.16.0.38:54809->172.19.0.8:443,3,172.16.0.38,54809,172.19.0.8,443,3,3,0,3882,3882,0,1294.0,1294,1294,0.0,0.0,0.0,1294.0,1294,1294,0.0,0.0,0.0,0.0,0,0,0.0,0.0,0.0,0.1003730297088623,8.106231689453125e-05,0.20066499710083008,0.10029196739196777,0.010058478723351527,0.1003730297088623,8.106231689453125e-05,0.20066499710083008,0.10029196739196777,0.010058478723351527,0.0,0.0,0.0,0.0,0.0,0,3,0.0,1.0,0,0.0,1.0,3,0,0,0,0,1.0,0.0,0.0,0.0,0.0,0.0,0.0,0.2007460594177246
QUIC_CONNECT1.pcap,172.16.0.53:42571->172.19.0.8:443,3,172.16.0.53,42571,172.19.0.8,443,3,3,0,3882,3882,0,1294.0,1294,1294,0.0,0.0,0.0,1294.0,1294,1294,0.0,0.0,0.0,0.0,0,0,0.0,0.0,0.0,0.10033249855041504,0.0,0.20066499710083008,0.10033249855041504,0.010066610265369036,0.10033249855041504,0.0,0.20066499710083008,0.10033249855041504,0.010066610265369036,0.0,0.0,0.0,0.0,0.0,0,3,0.0,1.0,0,0.0,1.0,3,0,0,0,0,1.0,0.0,0.0,0.0,0.0,0.0,0.0,0.20066499710083008
QUIC_CONNECT1.pcap,172.16.0.52:44203->172.19.0.8:443,3,172.16.0.52,44203,172.19.0.8,443,3,3,0,3882,3882,0,1294.0,1294,1294,0.0,0.0,0.0,1294.0,1294,1294,0.0,0.0,0.0,0.0,0,0,0.0,0.0,0.0,0.10410952568054199,3.409385681152344e-05,0.20818495750427246,0.10407543182373047,0.010831695509295969,0.10410952568054199,3.409385681152344e-05,0.20818495750427246,0.10407543182373047,0.010831695509295969,0.0,0.0,0.0,0.0,0.0,0,3,0.0,1.0,0,0.0,1.0,3,0,0,0,0,1.0,0.0,0.0,0.0,0.0,0.0,0.0,0.20821905136108398
QUIC_CONNECT1.pcap,172.16.0.59:50401->172.19.0.8:443,3,172.16.0.59,50401,172.19.0.8,443,3,3,0,3882,3882,0,1294.0,1294,1294,0.0,0.0,0.0,1294.0,1294,1294,0.0,0.0,0.0,0.0,0,0,0.0,0.0,0.0,0.09224450588226318,2.9087066650390625e-05,0.18445992469787598,0.09221541881561279,0.008503683467338874,0.09224450588226318,2.9087066650390625e-05,0.18445992469787598,0.09221541881561279,0.008503683467338874,0.0,0.0,0.0,0.0,0.0,0,3,0.0,1.0,0,0.0,1.0,3,0,0,0,0,1.0,0.0,0.0,0.0,0.0,0.0,0.0,0.18448901176452637
QUIC_CONNECT1.pcap,172.16.0.54:52325->172.19.0.8:443,3,172.16.0.54,52325,172.19.0.8,443,3,3,0,3882,3882,0,1294.0,1294,1294,0.0,0.0,0.0,1294.0,1294,1294,0.0,0.0,0.0,0.0,0,0,0.0,0.0,0.0,0.08873856067657471,0.0,0.17747712135314941,0.08873856067657471,0.007874532150950131,0.08873856067657471,0.0,0.17747712135314941,0.08873856067657471,0.007874532150950131,0.0,0.0,0.0,0.0,0.0,0,3,0.0,1.0,0,0.0,1.0,3,0,0,0,0,1.0,0.0,0.0,0.0,0.0,0.0,0.0,0.17747712135314941
QUIC_CONNECT1.pcap,172.16.0.49:54280->172.19.0.8:443,3,172.16.0.49,54280,172.19.0.8,443,3,3,0,3882,3882,0,1294.0,1294,1294,0.0,0.0,0.0,1294.0,1294,1294,0.0,0.0,0.0,0.0,0,0,0.0,0.0,0.0,0.08835291862487793,0.0,0.17670583724975586,0.08835291862487793,0.007806238229534301,0.08835291862487793,0.0,0.17670583724975586,0.08835291862487793,0.007806238229534301,0.0,0.0,0.0,0.0,0.0,0,3,0.0,1.0,0,0.0,1.0,3,0,0,0,0,1.0,0.0,0.0,0.0,0.0,0.0,0.0,0.17670583724975586
QUIC_CONNECT1.pcap,172.16.0.28:39800->172.19.0.8:443,3,172.16.0.28,39800,172.19.0.8,443,3,3,0,3882,3882,0,1294.0,1294,1294,0.0,0.0,0.0,1294.0,1294,1294,0.0,0.0,0.0,0.0,0,0,0.0,0.0,0.0,0.10028195381164551,5.698204040527344e-05,0.20050692558288574,0.10022497177124023,0.010045044966545902,0.10028195381164551,5.698204040527344e-05,0.20050692558288574,0.10022497177124023,0.010045044966545902,0.0,0.0,0.0,0.0,0.0,0,3,0.0,1.0,0,0.0,1.0,3,0,0,0,0,1.0,0.0,0.0,0.0,0.0,0.0,0.0,0.20056390762329102
QUIC_CONNECT1.pcap,172.16.0.41:45178->172.19.0.8:443,3,172.16.0.41,45178,172.19.0.8,443,3,1,2,3882,1294,2588,1294.0,1294,1294,0.0,0.0,0.0,1294.0,1294,1294,0.0,0.0,0.0,1294.0,1294,1294,0.0,0.0,0.0,0.05773448944091797,8.988380432128906e-05,0.11537909507751465,0.05764460563659668,0.0033229005589987537,0.0,0.0,0.0,0.0,0.0,8.988380432128906e-05,8.988380432128906e-05,8.988380432128906e-05,0.0,0.0,0,3,0.0,1.0,0,0.0,1.0,1,2,0,0,0,0.3333333333333333,0.6666666666666666,0.0,0.0,0.0,0.9182958340544896,0.0,0.11546897888183594
QUIC_CONNECT1.pcap,172.16.0.48:49950->172.19.0.8:443,3,172.16.0.48,49950,172.19.0.8,443,3,1,2,3882,1294,2588,1294.0,1294,1294,0.0,0.0,0.0,1294.0,1294,1294,0.0,0.0,0.0,1294.0,1294,1294,0.0,0.0,0.0,0.06011199951171875,0.00011992454528808594,0.12010407447814941,0.059992074966430664,0.0035990490587778368,0.0,0.0,0.0,0.0,0.0,0.00011992454528808594,0.00011992454528808594,0.00011992454528808594,0.0,0.0,0,3,0.0,1.0,0,0.0,1.0,1,2,0,0,0,0.3333333333333333,0.6666666666666666,0.0,0.0,0.0,0.9182958340544896,0.0,0.1202239990234375
QUIC_CONNECT1.pcap,172.16.0.30:58743->172.19.0.8:443,3,172.16.0.30,58743,172.19.0.8,443,3,3,0,3882,3882,0,1294.0,1294,1294,0.0,0.0,0.0,1294.0,1294,1294,0.0,0.0,0.0,0.0,0,0,0.0,0.0,0.0,0.10375797748565674,0.0067899227142333984,0.20072603225708008,0.09696805477142334,0.009402803646153757,0.10375797748565674,0.0067899227142333984,0.20072603225708008,0.09696805477142334,0.009402803646153757,0.0,0.0,0.0,0.0,0.0,0,3,0.0,1.0,0,0.0,1.0,3,0,0,0,0,1.0,0.0,0.0,0.0,0.0,0.0,0.0,0.20751595497131348
QUIC_CONNECT1.pcap,172.16.0.55:42996->172.19.0.8:443,3,172.16.0.55,42996,172.19.0.8,443,3,3,0,3882,3882,0,1294.0,1294,1294,0.0,0.0,0.0,1294.0,1294,1294,0.0,0.0,0.0,0.0,0,0,0.0,0.0,0.0,0.10018253326416016,0.0,0.2003650665283203,0.10018253326416016,0.010036539971224556,0.10018253326416016,0.0,0.2003650665283203,0.10018253326416016,0.010036539971224556,0.0,0.0,0.0,0.0,0.0,0,3,0.0,1.0,0,0.0,1.0,3,0,0,0,0,1.0,0.0,0.0,0.0,0.0,0.0,0.0,0.2003650665283203
QUIC_CONNECT1.pcap,172.16.0.37:50569->172.19.0.8:443,3,172.16.0.37,50569,172.19.0.8,443,3,3,0,3882,3882,0,1294.0,1294,1294,0.0,0.0,0.0,1294.0,1294,1294,0.0,0.0,0.0,0.0,0,0,0.0,0.0,0.0,0.10050594806671143,3.886222839355469e-05,0.2009730339050293,0.10046708583831787,0.010093635336843931,0.10050594806671143,3.886222839355469e-05,0.2009730339050293,0.10046708583831787,0.010093635336843931,0.0,0.0,0.0,0.0,0.0,0,3,0.0,1.0,0,0.0,1.0,3,0,0,0,0,1.0,0.0,0.0,0.0,0.0,0.0,0.0,0.20101189613342285
QUIC_CONNECT1.pcap,172.16.0.31:44350->172.19.0.8:443,3,172.16.0.31,44350,172.19.0.8,443,3,3,0,3882,3882,0,1294.0,1294,1294,0.0,0.0,0.0,1294.0,1294,1294,0.0,0.0,0.0,0.0,0,0,0.0,0.0,0.0,0.10020256042480469,0.0,0.20040512084960938,0.10020256042480469,0.010040553115686635,0.10020256042480469,0.0,0.20040512084960938,0.10020256042480469,0.010040553115686635,0.0,0.0,0.0,0.0,0.0,0,3,0.0,1.0,0,0.0,1.0,3,0,0,0,0,1.0,0.0,0.0,0.0,0.0,0.0,0.0,0.20040512084960938
QUIC_CONNECT1.pcap,172.16.0.26:54034->172.19.0.8:443,3,172.16.0.26,54034,172.19.0.8,443,3,1,2,3882,1294,2588,1294.0,1294,1294,0.0,0.0,0.0,1294.0,1294,1294,0.0,0.0,0.0,1294.0,1294,1294,0.0,0.0,0.0,0.0360640287399292,9.202957153320312e-05,0.0720360279083252,0.035971999168395996,0.0012939847241710822,0.0,0.0,0.0,0.0,0.0,9.202957153320312e-05,9.202957153320312e-05,9.202957153320312e-05,0.0,0.0,0,3,0.0,1.0,0,0.0,1.0,1,2,0,0,0,0.3333333333333333,0.6666666666666666,0.0,0.0,0.0,0.9182958340544896,0.0,0.0721280574798584
QUIC_CONNECT1.pcap,172.16.0.27:40195->172.19.0.8:443,3,172.16.0.27,40195,172.19.0.8,443,3,1,2,3882,1294,2588,1294.0,1294,1294,0.0,0.0,0.0,1294.0,1294,1294,0.0,0.0,0.0,1294.0,1294,1294,0.0,0.0,0.0,0.004678487777709961,0.00010609626770019531,0.009250879287719727,0.004572391510009766,2.0906764120809385e-05,0.0,0.0,0.0,0.0,0.0,0.00010609626770019531,0.00010609626770019531,0.00010609626770019531,0.0,0.0,0,3,0.0,1.0,0,0.0,1.0,1,2,0,0,0,0.3333333333333333,0.6666666666666666,0.0,0.0,0.0,0.9182958340544896,0.0,0.009356975555419922
QUIC_CONNECT1.pcap,172.16.0.25:43982->172.19.0.8:443,3,172.16.0.25,43982,172.19.0.8,443,3,1,2,3882,1294,2588,1294.0,1294,1294,0.0,0.0,0.0,1294.0,1294,1294,0.0,0.0,0.0,1294.0,1294,1294,0.0,0.0,0.0,0.008056044578552246,0.00010395050048828125,0.01600813865661621,0.007952094078063965,6.323580022637998e-05,0.0,0.0,0.0,0.0,0.0,0.00010395050048828125,0.00010395050048828125,0.00010395050048828125,0.0,0.0,0,3,0.0,1.0,0,0.0,1.0,1,2,0,0,0,0.3333333333333333,0.6666666666666666,0.0,0.0,0.0,0.9182958340544896,0.0,0.016112089157104492
QUIC_CONNECT1.pcap,172.16.0.29:35918->172.19.0.8:443,3,172.16.0.29,35918,172.19.0.8,443,3,1,2,3882,1294,2588,1294.0,1294,1294,0.0,0.0,0.0,1294.0,1294,1294,0.0,0.0,0.0,1294.0,1294,1294,0.0,0.0,0.0,0.01415705680847168,0.00010704994201660156,0.028207063674926758,0.014050006866455078,0.00019740269294743484,0.0,0.0,0.0,0.0,0.0,0.00010704994201660156,0.00010704994201660156,0.00010704994201660156,0.0,0.0,0,3,0.0,1.0,0,0.0,1.0,1,2,0,0,0,0.3333333333333333,0.6666666666666666,0.0,0.0,0.0,0.9182958340544896,0.0,0.02831411361694336
QUIC_CONNECT1.pcap,172.16.0.58:53143->172.19.0.8:443,3,172.16.0.58,53143,172.19.0.8,443,3,1,2,3882,1294,2588,1294.0,1294,1294,0.0,0.0,0.0,1294.0,1294,1294,0.0,0.0,0.0,1294.0,1294,1294,0.0,0.0,0.0,0.004377603530883789,0.00011920928955078125,0.008635997772216797,0.004258394241333008,1.8133921514618123e-05,0.0,0.0,0.0,0.0,0.0,0.00011920928955078125,0.00011920928955078125,0.00011920928955078125,0.0,0.0,0,3,0.0,1.0,0,0.0,1.0,1,2,0,0,0,0.3333333333333333,0.6666666666666666,0.0,0.0,0.0,0.9182958340544896,0.0,0.008755207061767578
QUIC_CONNECT1.pcap,172.16.0.51:36433->172.19.0.8:443,3,172.16.0.51,36433,172.19.0.8,443,3,1,2,3882,1294,2588,1294.0,1294,1294,0.0,0.0,0.0,1294.0,1294,1294,0.0,0.0,0.0,1294.0,1294,1294,0.0,0.0,0.0,0.004533529281616211,0.00011515617370605469,0.008951902389526367,0.004418373107910156,1.9522020920703653e-05,0.0,0.0,0.0,0.0,0.0,0.00011515617370605469,0.00011515617370605469,0.00011515617370605469,0.0,0.0,0,3,0.0,1.0,0,0.0,1.0,1,2,0,0,0,0.3333333333333333,0.6666666666666666,0.0,0.0,0.0,0.9182958340544896,0.0,0.009067058563232422
QUIC_CONNECT1.pcap,172.16.0.45:34781->172.19.0.8:443,3,172.16.0.45,34781,172.19.0.8,443,3,1,2,3882,1294,2588,1294.0,1294,1294,0.0,0.0,0.0,1294.0,1294,1294,0.0,0.0,0.0,1294.0,1294,1294,0.0,0.0,0.0,0.0058574676513671875,6.890296936035156e-05,0.011646032333374023,0.005788564682006836,3.35074810777769e-05,0.0,0.0,0.0,0.0,0.0,6.890296936035156e-05,6.890296936035156e-05,6.890296936035156e-05,0.0,0.0,0,3,0.0,1.0,0,0.0,1.0,1,2,0,0,0,0.3333333333333333,0.6666666666666666,0.0,0.0,0.0,0.9182958340544896,0.0,0.011714935302734375
QUIC_CONNECT1.pcap,172.16.0.36:39263->172.19.0.8:443,3,172.16.0.36,39263,172.19.0.8,443,3,1,2,3882,1294,2588,1294.0,1294,1294,0.0,0.0,0.0,1294.0,1294,1294,0.0,0.0,0.0,1294.0,1294,1294,0.0,0.0,0.0,0.010576009750366211,0.00010895729064941406,0.021043062210083008,0.010467052459716797,0.00010955918719446345,0.0,0.0,0.0,0.0,0.0,0.00010895729064941406,0.00010895729064941406,0.00010895729064941406,0.0,0.0,0,3,0.0,1.0,0,0.0,1.0,1,2,0,0,0,0.3333333333333333,0.6666666666666666,0.0,0.0,0.0,0.9182958340544896,0.0,0.021152019500732422
QUIC_CONNECT1.pcap,172.16.0.46:53308->172.19.0.8:443,3,172.16.0.46,53308,172.19.0.8,443,3,1,2,3882,1294,2588,1294.0,1294,1294,0.0,0.0,0.0,1294.0,1294,1294,0.0,0.0,0.0,1294.0,1294,1294,0.0,0.0,0.0,0.015468001365661621,0.00010609626770019531,0.030829906463623047,0.015361905097961426,0.00023598812823877324,0.0,0.0,0.0,0.0,0.0,0.00010609626770019531,0.00010609626770019531,0.00010609626770019531,0.0,0.0,0,3,0.0,1.0,0,0.0,1.0,1,2,0,0,0,0.3333333333333333,0.6666666666666666,0.0,0.0,0.0,0.9182958340544896,0.0,0.030936002731323242
QUIC_CONNECT1.pcap,172.16.0.62:46864->172.19.0.8:443,3,172.16.0.62,46864,172.19.0.8,443,3,1,2,3882,1294,2588,1294.0,1294,1294,0.0,0.0,0.0,1294.0,1294,1294,0.0,0.0,0.0,1294.0,1294,1294,0.0,0.0,0.0,0.019688010215759277,9.393692016601562e-05,0.03928208351135254,0.01959407329559326,0.000383927708313081,0.0,0.0,0.0,0.0,0.0,9.393692016601562e-05,9.393692016601562e-05,9.393692016601562e-05,0.0,0.0,0,3,0.0,1.0,0,0.0,1.0,1,2,0,0,0,0.3333333333333333,0.6666666666666666,0.0,0.0,0.0,0.9182958340544896,0.0,0.039376020431518555
QUIC_CONNECT1.pcap,172.16.0.33:48740->172.19.0.8:443,3,172.16.0.33,48740,172.19.0.8,443,3,1,2,3882,1294,2588,1294.0,1294,1294,0.0,0.0,0.0,1294.0,1294,1294,0.0,0.0,0.0,1294.0,1294,1294,0.0,0.0,0.0,0.0244675874710083,0.00010895729064941406,0.04882621765136719,0.024358630180358887,0.0005933428642634908,0.0,0.0,0.0,0.0,0.0,0.00010895729064941406,0.00010895729064941406,0.00010895729064941406,0.0,0.0,0,3,0.0,1.0,0,0.0,1.0,1,2,0,0,0,0.3333333333333333,0.6666666666666666,0.0,0.0,0.0,0.9182958340544896,0.0,0.0489351749420166
QUIC_CONNECT1.pcap,172.16.0.60:37590->172.19.0.8:443,3,172.16.0.60,37590,172.19.0.8,443,3,1,2,3882,1294,2588,1294.0,1294,1294,0.0,0.0,0.0,1294.0,1294,1294,0.0,0.0,0.0,1294.0,1294,1294,0.0,0.0,0.0,0.029078006744384766,0.00011396408081054688,0.058042049407958984,0.02896404266357422,0.0008389157674173475,0.0,0.0,0.0,0.0,0.0,0.00011396408081054688,0.00011396408081054688,0.00011396408081054688,0.0,0.0,0,3,0.0,1.0,0,0.0,1.0,1,2,0,0,0,0.3333333333333333,0.6666666666666666,0.0,0.0,0.0,0.9182958340544896,0.0,0.05815601348876953
QUIC_CONNECT1.pcap,172.16.0.40:35312->172.19.0.8:443,3,172.16.0.40,35312,172.19.0.8,443,3,1,2,3882,1294,2588,1294.0,1294,1294,0.0,0.0,0.0,1294.0,1294,1294,0.0,0.0,0.0,1294.0,1294,1294,0.0,0.0,0.0,0.03671598434448242,0.00013494491577148438,0.07329702377319336,0.03658103942871094,0.0013381724456849042,0.0,0.0,0.0,0.0,0.0,0.00013494491577148438,0.00013494491577148438,0.00013494491577148438,0.0,0.0,0,3,0.0,1.0,0,0.0,1.0,1,2,0,0,0,0.3333333333333333,0.6666666666666666,0.0,0.0,0.0,0.9182958340544896,0.0,0.07343196868896484
QUIC_CONNECT1.pcap,172.16.0.53:56858->172.19.0.8:443,3,172.16.0.53,56858,172.19.0.8,443,3,1,2,3882,1294,2588,1294.0,1294,1294,0.0,0.0,0.0,1294.0,1294,1294,0.0,0.0,0.0,1294.0,1294,1294,0.0,0.0,0.0,0.03504157066345215,9.107589721679688e-05,0.0699920654296875,0.03495049476623535,0.0012215370844046447,0.0,0.0,0.0,0.0,0.0,9.107589721679688e-05,9.107589721679688e-05,9.107589721679688e-05,0.0,0.0,0,3,0.0,1.0,0,0.0,1.0,1,2,0,0,0,0.3333333333333333,0.6666666666666666,0.0,0.0,0.0,0.9182958340544896,0.0,0.0700831413269043
QUIC_CONNECT1.pcap,172.16.0.42:44885->172.19.0.8:443,3,172.16.0.42,44885,172.19.0.8,443,3,1,2,3882,1294,2588,1294.0,1294,1294,0.0,0.0,0.0,1294.0,1294,1294,0.0,0.0,0.0,1294.0,1294,1294,0.0,0.0,0.0,0.03966355323791504,9.799003601074219e-05,0.07922911643981934,0.0395655632019043,0.0015654337914838834,0.0,0.0,0.0,0.0,0.0,9.799003601074219e-05,9.799003601074219e-05,9.799003601074219e-05,0.0,0.0,0,3,0.0,1.0,0,0.0,1.0,1,2,0,0,0,0.3333333333333333,0.6666666666666666,0.0,0.0,0.0,0.9182958340544896,0.0,0.07932710647583008
QUIC_CONNECT1.pcap,172.16.0.47:33428->172.19.0.8:443,3,172.16.0.47,33428,172.19.0.8,443,3,1,2,3882,1294,2588,1294.0,1294,1294,0.0,0.0,0.0,1294.0,1294,1294,0.0,0.0,0.0,1294.0,1294,1294,0.0,0.0,0.0,0.04392552375793457,9.894371032714844e-05,0.08775210380554199,0.04382658004760742,0.001920769118669341,0.0,0.0,0.0,0.0,0.0,9.894371032714844e-05,9.894371032714844e-05,9.894371032714844e-05,0.0,0.0,0,3,0.0,1.0,0,0.0,1.0,1,2,0,0,0,0.3333333333333333,0.6666666666666666,0.0,0.0,0.0,0.9182958340544896,0.0,0.08785104751586914
QUIC_CONNECT1.pcap,172.16.0.44:46266->172.19.0.8:443,3,172.16.0.44,46266,172.19.0.8,443,3,1,2,3882,1294,2588,1294.0,1294,1294,0.0,0.0,0.0,1294.0,1294,1294,0.0,0.0,0.0,1294.0,1294,1294,0.0,0.0,0.0,0.048150062561035156,9.918212890625e-05,0.09620094299316406,0.048050880432128906,0.0023088871103027486,0.0,0.0,0.0,0.0,0.0,9.918212890625e-05,9.918212890625e-05,9.918212890625e-05,0.0,0.0,0,3,0.0,1.0,0,0.0,1.0,1,2,0,0,0,0.3333333333333333,0.6666666666666666,0.0,0.0,0.0,0.9182958340544896,0.0,0.09630012512207031
QUIC_CONNECT1.pcap,172.16.0.63:60918->172.19.0.8:443,3,172.16.0.63,60918,172.19.0.8,443,3,1,2,3882,1294,2588,1294.0,1294,1294,0.0,0.0,0.0,1294.0,1294,1294,0.0,0.0,0.0,1294.0,1294,1294,0.0,0.0,0.0,0.05271506309509277,0.00012111663818359375,0.10530900955200195,0.05259394645690918,0.0027661232039122297,0.0,0.0,0.0,0.0,0.0,0.00012111663818359375,0.00012111663818359375,0.00012111663818359375,0.0,0.0,0,3,0.0,1.0,0,0.0,1.0,1,2,0,0,0,0.3333333333333333,0.6666666666666666,0.0,0.0,0.0,0.9182958340544896,0.0,0.10543012619018555
QUIC_CONNECT1.pcap,172.16.0.43:46552->172.19.0.8:443,3,172.16.0.43,46552,172.19.0.8,443,3,1,2,3882,1294,2588,1294.0,1294,1294,0.0,0.0,0.0,1294.0,1294,1294,0.0,0.0,0.0,1294.0,1294,1294,0.0,0.0,0.0,0.05711352825164795,9.989738464355469e-05,0.11412715911865234,0.057013630867004395,0.0032505541046390363,0.0,0.0,0.0,0.0,0.0,9.989738464355469e-05,9.989738464355469e-05,9.989738464355469e-05,0.0,0.0,0,3,0.0,1.0,0,0.0,1.0,1,2,0,0,0,0.3333333333333333,0.6666666666666666,0.0,0.0,0.0,0.9182958340544896,0.0,0.1142270565032959
QUIC_CONNECT1.pcap,172.16.0.50:48454->172.19.0.8:443,3,172.16.0.50,48454,172.19.0.8,443,3,1,2,3882,1294,2588,1294.0,1294,1294,0.0,0.0,0.0,1294.0,1294,1294,0.0,0.0,0.0,1294.0,1294,1294,0.0,0.0,0.0,0.06145954132080078,9.989738464355469e-05,0.12281918525695801,0.06135964393615723,0.0037650059039719963,0.0,0.0,0.0,0.0,0.0,9.989738464355469e-05,9.989738464355469e-05,9.989738464355469e-05,0.0,0.0,0,3,0.0,1.0,0,0.0,1.0,1,2,0,0,0,0.3333333333333333,0.6666666666666666,0.0,0.0,0.0,0.9182958340544896,0.0,0.12291908264160156
QUIC_CONNECT1.pcap,172.16.0.56:53082->172.19.0.8:443,3,172.16.0.56,53082,172.19.0.8,443,3,1,2,3882,1294,2588,1294.0,1294,1294,0.0,0.0,0.0,1294.0,1294,1294,0.0,0.0,0.0,1294.0,1294,1294,0.0,0.0,0.0,0.06624853610992432,0.0001010894775390625,0.13239598274230957,0.06614744663238525,0.004375484695984255,0.0,0.0,0.0,0.0,0.0,0.0001010894775390625,0.0001010894775390625,0.0001010894775390625,0.0,0.0,0,3,0.0,1.0,0,0.0,1.0,1,2,0,0,0,0.3333333333333333,0.6666666666666666,0.0,0.0,0.0,0.9182958340544896,0.0,0.13249707221984863
QUIC_CONNECT1.pcap,172.16.0.38:46617->172.19.0.8:443,3,172.16.0.38,46617,172.19.0.8,443,3,1,2,3882,1294,2588,1294.0,1294,1294,0.0,0.0,0.0,1294.0,1294,1294,0.0,0.0,0.0,1294.0,1294,1294,0.0,0.0,0.0,0.0707014799118042,9.107589721679688e-05,0.1413118839263916,0.0706104040145874,0.004985829155103261,0.0,0.0,0.0,0.0,0.0,9.107589721679688e-05,9.107589721679688e-05,9.107589721679688e-05,0.0,0.0,0,3,0.0,1.0,0,0.0,1.0,1,2,0,0,0,0.3333333333333333,0.6666666666666666,0.0,0.0,0.0,0.9182958340544896,0.0,0.1414029598236084
QUIC_CONNECT1.pcap,172.16.0.39:44005->172.19.0.8:443,3,172.16.0.39,44005,172.19.0.8,443,3,1,2,3882,1294,2588,1294.0,1294,1294,0.0,0.0,0.0,1294.0,1294,1294,0.0,0.0,0.0,1294.0,1294,1294,0.0,0.0,0.0,0.07521247863769531,0.00010895729064941406,0.1503159999847412,0.0751035213470459,0.005640538918726179,0.0,0.0,0.0,0.0,0.0,0.00010895729064941406,0.00010895729064941406,0.00010895729064941406,0.0,0.0,0,3,0.0,1.0,0,0.0,1.0,1,2,0,0,0,0.3333333333333333,0.6666666666666666,0.0,0.0,0.0,0.9182958340544896,0.0,0.15042495727539062
QUIC_CONNECT1.pcap,172.16.0.34:56452->172.19.0.8:443,3,172.16.0.34,56452,172.19.0.8,443,3,1,2,3882,1294,2588,1294.0,1294,1294,0.0,0.0,0.0,1294.0,1294,1294,0.0,0.0,0.0,1294.0,1294,1294,0.0,0.0,0.0,0.079864501953125,0.00010013580322265625,0.15962886810302734,0.07976436614990234,0.006362354107295687,0.0,0.0,0.0,0.0,0.0,0.00010013580322265625,0.00010013580322265625,0.00010013580322265625,0.0,0.0,0,3,0.0,1.0,0,0.0,1.0,1,2,0,0,0,0.3333333333333333,0.6666666666666666,0.0,0.0,0.0,0.9182958340544896,0.0,0.15972900390625
QUIC_CONNECT1.pcap,172.16.0.32:43491->172.19.0.8:443,3,172.16.0.32,43491,172.19.0.8,443,3,1,2,3882,1294,2588,1294.0,1294,1294,0.0,0.0,0.0,1294.0,1294,1294,0.0,0.0,0.0,1294.0,1294,1294,0.0,0.0,0.0,0.08441698551177979,0.0001010894775390625,0.1687328815460205,0.08431589603424072,0.00710917032405689,0.0,0.0,0.0,0.0,0.0,0.0001010894775390625,0.0001010894775390625,0.0001010894775390625,0.0,0.0,0,3,0.0,1.0,0,0.0,1.0,1,2,0,0,0,0.3333333333333333,0.6666666666666666,0.0,0.0,0.0,0.9182958340544896,0.0,0.16883397102355957
QUIC_CONNECT1.pcap,172.16.0.59:57919->172.19.0.8:443,3,172.16.0.59,57919,172.19.0.8,443,3,1,2,3882,1294,2588,1294.0,1294,1294,0.0,0.0,0.0,1294.0,1294,1294,0.0,0.0,0.0,1294.0,1294,1294,0.0,0.0,0.0,0.09059643745422363,0.00010895729064941406,0.18108391761779785,0.09048748016357422,0.008187984066353238,0.0,0.0,0.0,0.0,0.0,0.00010895729064941406,0.00010895729064941406,0.00010895729064941406,0.0,0.0,0,3,0.0,1.0,0,0.0,1.0,1,2,0,0,0,0.3333333333333333,0.6666666666666666,0.0,0.0,0.0,0.9182958340544896,0.0,0.18119287490844727
QUIC_CONNECT1.pcap,172.16.0.57:60369->172.19.0.8:443,3,172.16.0.57,60369,172.19.0.8,443,3,1,2,3882,1294,2588,1294.0,1294,1294,0.0,0.0,0.0,1294.0,1294,1294,0.0,0.0,0.0,1294.0,1294,1294,0.0,0.0,0.0,0.09231650829315186,0.00010704994201660156,0.1845259666442871,0.09220945835113525,0.008502584209409747,0.0,0.0,0.0,0.0,0.0,0.00010704994201660156,0.00010704994201660156,0.00010704994201660156,0.0,0.0,0,3,0.0,1.0,0,0.0,1.0,1,2,0,0,0,0.3333333333333333,0.6666666666666666,0.0,0.0,0.0,0.9182958340544896,0.0,0.1846330165863037
QUIC_CONNECT1.pcap,172.16.0.49:40720->172.19.0.8:443,3,172.16.0.49,40720,172.19.0.8,443,3,1,2,3882,1294,2588,1294.0,1294,1294,0.0,0.0,0.0,1294.0,1294,1294,0.0,0.0,0.0,1294.0,1294,1294,0.0,0.0,0.0,0.0963214635848999,0.0001049041748046875,0.19253802299499512,0.09621655941009521,0.009257626304716382,0.0,0.0,0.0,0.0,0.0,0.0001049041748046875,0.0001049041748046875,0.0001049041748046875,0.0,0.0,0,3,0.0,1.0,0,0.0,1.0,1,2,0,0,0,0.3333333333333333,0.6666666666666666,0.0,0.0,0.0,0.9182958340544896,0.0,0.1926429271697998
QUIC_CONNECT1.pcap,172.16.0.61:58275->172.19.0.8:443,3,172.16.0.61,58275,172.19.0.8,443,3,1,2,3882,1294,2588,1294.0,1294,1294,0.0,0.0,0.0,1294.0,1294,1294,0.0,0.0,0.0,1294.0,1294,1294,0.0,0.0,0.0,0.10001552104949951,0.00010895729064941406,0.1999220848083496,0.0999065637588501,0.00998132148210118,0.0,0.0,0.0,0.0,0.0,0.00010895729064941406,0.00010895729064941406,0.00010895729064941406,0.0,0.0,0,3,0.0,1.0,0,0.0,1.0,1,2,0,0,0,0.3333333333333333,0.6666666666666666,0.0,0.0,0.0,0.9182958340544896,0.0,0.20003104209899902
QUIC_CONNECT1.pcap,172.16.0.24:33972->172.19.0.8:443,3,172.16.0.24,33972,172.19.0.8,443,3,3,0,3882,3882,0,1294.0,1294,1294,0.0,0.0,0.0,1294.0,1294,1294,0.0,0.0,0.0,0.0,0,0,0.0,0.0,0.0,0.08085644245147705,3.2901763916015625e-05,0.16167998313903809,0.08082354068756104,0.006532444729273834,0.08085644245147705,3.2901763916015625e-05,0.16167998313903809,0.08082354068756104,0.006532444729273834,0.0,0.0,0.0,0.0,0.0,0,3,0.0,1.0,0,0.0,1.0,3,0,0,0,0,1.0,0.0,0.0,0.0,0.0,0.0,0.0,0.1617128849029541
QUIC_CONNECT1.pcap,172.16.0.52:49499->172.19.0.8:443,3,172.16.0.52,49499,172.19.0.8,443,3,3,0,3882,3882,0,1294.0,1294,1294,0.0,0.0,0.0,1294.0,1294,1294,0.0,0.0,0.0,0.0,0,0,0.0,0.0,0.0,0.0769345760345459,3.314018249511719e-05,0.15383601188659668,0.07690143585205078,0.005913830836107081,0.0769345760345459,3.314018249511719e-05,0.15383601188659668,0.07690143585205078,0.005913830836107081,0.0,0.0,0.0,0.0,0.0,0,3,0.0,1.0,0,0.0,1.0,3,0,0,0,0,1.0,0.0,0.0,0.0,0.0,0.0,0.0,0.1538691520690918
QUIC_CONNECT1.pcap,172.16.0.54:37373->172.19.0.8:443,3,172.16.0.54,37373,172.19.0.8,443,3,3,0,3882,3882,0,1294.0,1294,1294,0.0,0.0,0.0,1294.0,1294,1294,0.0,0.0,0.0,0.0,0,0,0.0,0.0,0.0,0.10036194324493408,9.5367431640625e-07,0.20072293281555176,0.10036098957061768,0.01007232822759363,0.10036194324493408,9.5367431640625e-07,0.20072293281555176,0.10036098957061768,0.01007232822759363,0.0,0.0,0.0,0.0,0.0,0,3,0.0,1.0,0,0.0,1.0,3,0,0,0,0,1.0,0.0,0.0,0.0,0.0,0.0,0.0,0.20072388648986816
QUIC_CONNECT1.pcap,172.16.0.28:54084->172.19.0.8:443,3,172.16.0.28,54084,172.19.0.8,443,3,3,0,2682,2682,0,894.0,94,1294,565.685424949238,320000.0,0.6327577460282304,894.0,94,1294,565.685424949238,320000.0,0.6327577460282304,0.0,0,0,0.0,0.0,0.0,0.04208695888519287,3.409385681152344e-05,0.08413982391357422,0.04205286502838135,0.001768443457095259,0.04208695888519287,3.409385681152344e-05,0.08413982391357422,0.04205286502838135,0.001768443457095259,0.0,0.0,0.0,0.0,0.0,0,3,0.0,1.0,0,0.0,1.0,2,1,0,0,0,0.6666666666666666,0.3333333333333333,0.0,0.0,0.0,0.0,0.9182958340544896,0.08417391777038574
QUIC_CONNECT1.pcap,172.16.0.41:57525->172.19.0.8:443,3,172.16.0.41,57525,172.19.0.8,443,3,1,2,3882,1294,2588,1294.0,1294,1294,0.0,0.0,0.0,1294.0,1294,1294,0.0,0.0,0.0,1294.0,1294,1294,0.0,0.0,0.0,0.006818056106567383,0.0001049041748046875,0.013531208038330078,0.006713151931762695,4.506640885892921e-05,0.0,0.0,0.0,0.0,0.0,0.0001049041748046875,0.0001049041748046875,0.0001049041748046875,0.0,0.0,0,3,0.0,1.0,0,0.0,1.0,1,2,0,0,0,0.3333333333333333,0.6666666666666666,0.0,0.0,0.0,0.9182958340544896,0.0,0.013636112213134766
QUIC_CONNECT1.pcap,172.16.0.48:50045->172.19.0.8:443,3,172.16.0.48,50045,172.19.0.8,443,3,3,0,2682,2682,0,894.0,94,1294,565.685424949238,320000.0,0.6327577460282304,894.0,94,1294,565.685424949238,320000.0,0.6327577460282304,0.0,0,0,0.0,0.0,0.0,0.015952587127685547,0.0,0.031905174255371094,0.015952587127685547,0.0002544850360663986,0.015952587127685547,0.0,0.031905174255371094,0.015952587127685547,0.0002544850360663986,0.0,0.0,0.0,0.0,0.0,0,3,0.0,1.0,0,0.0,1.0,2,1,0,0,0,0.6666666666666666,0.3333333333333333,0.0,0.0,0.0,0.0,0.9182958340544896,0.031905174255371094
QUIC_CONNECT1.pcap,172.16.0.30:50684->172.19.0.8:443,3,172.16.0.30,50684,172.19.0.8,443,3,3,0,2682,2682,0,894.0,94,1294,565.685424949238,320000.0,0.6327577460282304,894.0,94,1294,565.685424949238,320000.0,0.6327577460282304,0.0,0,0,0.0,0.0,0.0,0.016354918479919434,0.0,0.03270983695983887,0.016354918479919434,0.0002674833584848102,0.016354918479919434,0.0,0.03270983695983887,0.016354918479919434,0.0002674833584848102,0.0,0.0,0.0,0.0,0.0,0,3,0.0,1.0,0,0.0,1.0,2,1,0,0,0,0.6666666666666666,0.3333333333333333,0.0,0.0,0.0,0.0,0.9182958340544896,0.03270983695983887
QUIC_CONNECT1.pcap,172.16.0.55:43947->172.19.0.8:443,3,172.16.0.55,43947,172.19.0.8,443,3,1,2,3882,1294,2588,1294.0,1294,1294,0.0,0.0,0.0,1294.0,1294,1294,0.0,0.0,0.0,1294.0,1294,1294,0.0,0.0,0.0,0.02235853672027588,9.703636169433594e-05,0.04462003707885742,0.022261500358581543,0.0004955743982151262,0.0,0.0,0.0,0.0,0.0,9.703636169433594e-05,9.703636169433594e-05,9.703636169433594e-05,0.0,0.0,0,3,0.0,1.0,0,0.0,1.0,1,2,0,0,0,0.3333333333333333,0.6666666666666666,0.0,0.0,0.0,0.9182958340544896,0.0,0.04471707344055176
QUIC_CONNECT1.pcap,172.16.0.37:42571->172.19.0.8:443,3,172.16.0.37,42571,172.19.0.8,443,3,1,2,3882,1294,2588,1294.0,1294,1294,0.0,0.0,0.0,1294.0,1294,1294,0.0,0.0,0.0,1294.0,1294,1294,0.0,0.0,0.0,0.028030037879943848,0.00010204315185546875,0.05595803260803223,0.02792799472808838,0.0007799728895321323,0.0,0.0,0.0,0.0,0.0,0.00010204315185546875,0.00010204315185546875,0.00010204315185546875,0.0,0.0,0,3,0.0,1.0,0,0.0,1.0,1,2,0,0,0,0.3333333333333333,0.6666666666666666,0.0,0.0,0.0,0.9182958340544896,0.0,0.056060075759887695
QUIC_CONNECT1.pcap,172.16.0.31:54148->172.19.0.8:443,3,172.16.0.31,54148,172.19.0.8,443,3,1,2,3882,1294,2588,1294.0,1294,1294,0.0,0.0,0.0,1294.0,1294,1294,0.0,0.0,0.0,1294.0,1294,1294,0.0,0.0,0.0,0.04149603843688965,0.00011301040649414062,0.08287906646728516,0.04138302803039551,0.0017125550089645003,0.0,0.0,0.0,0.0,0.0,0.00011301040649414062,0.00011301040649414062,0.00011301040649414062,0.0,0.0,0,3,0.0,1.0,0,0.0,1.0,1,2,0,0,0,0.3333333333333333,0.6666666666666666,0.0,0.0,0.0,0.9182958340544896,0.0,0.0829920768737793
QUIC_CONNECT1.pcap,172.16.0.26:33422->172.19.0.8:443,3,172.16.0.26,33422,172.19.0.8,443,3,1,2,3882,1294,2588,1294.0,1294,1294,0.0,0.0,0.0,1294.0,1294,1294,0.0,0.0,0.0,1294.0,1294,1294,0.0,0.0,0.0,0.011955022811889648,9.894371032714844e-05,0.02381110191345215,0.0118560791015625,0.00014056661166250706,0.0,0.0,0.0,0.0,0.0,9.894371032714844e-05,9.894371032714844e-05,9.894371032714844e-05,0.0,0.0,0,3,0.0,1.0,0,0.0,1.0,1,2,0,0,0,0.3333333333333333,0.6666666666666666,0.0,0.0,0.0,0.9182958340544896,0.0,0.023910045623779297
QUIC_CONNECT1.pcap,172.16.0.27:43694->172.19.0.8:443,3,172.16.0.27,43694,172.19.0.8,443,3,1,2,3882,1294,2588,1294.0,1294,1294,0.0,0.0,0.0,1294.0,1294,1294,0.0,0.0,0.0,1294.0,1294,1294,0.0,0.0,0.0,0.00489199161529541,0.0001239776611328125,0.009660005569458008,0.004768013954162598,2.273395706708925e-05,0.0,0.0,0.0,0.0,0.0,0.0001239776611328125,0.0001239776611328125,0.0001239776611328125,0.0,0.0,0,3,0.0,1.0,0,0.0,1.0,1,2,0,0,0,0.3333333333333333,0.6666666666666666,0.0,0.0,0.0,0.9182958340544896,0.0,0.00978398323059082
QUIC_CONNECT1.pcap,172.16.0.25:33097->172.19.0.8:443,3,172.16.0.25,33097,172.19.0.8,443,3,1,2,3882,1294,2588,1294.0,1294,1294,0.0,0.0,0.0,1294.0,1294,1294,0.0,0.0,0.0,1294.0,1294,1294,0.0,0.0,0.0,0.007478952407836914,0.00011205673217773438,0.014845848083496094,0.00736689567565918,5.427115189604592e-05,0.0,0.0,0.0,0.0,0.0,0.00011205673217773438,0.00011205673217773438,0.00011205673217773438,0.0,0.0,0,3,0.0,1.0,0,0.0,1.0,1,2,0,0,0,0.3333333333333333,0.6666666666666666,0.0,0.0,0.0,0.9182958340544896,0.0,0.014957904815673828
QUIC_CONNECT1.pcap,172.16.0.29:33789->172.19.0.8:443,3,172.16.0.29,33789,172.19.0.8,443,3,1,2,3882,1294,2588,1294.0,1294,1294,0.0,0.0,0.0,1294.0,1294,1294,0.0,0.0,0.0,1294.0,1294,1294,0.0,0.0,0.0,0.008056044578552246,0.00015497207641601562,0.015957117080688477,0.00790107250213623,6.242694668401327e-05,0.0,0.0,0.0,0.0,0.0,0.00015497207641601562,0.00015497207641601562,0.00015497207641601562,0.0,0.0,0,3,0.0,1.0,0,0.0,1.0,1,2,0,0,0,0.3333333333333333,0.6666666666666666,0.0,0.0,0.0,0.9182958340544896,0.0,0.016112089157104492
QUIC_CONNECT1.pcap,172.16.0.51:33669->172.19.0.8:443,3,172.16.0.51,33669,172.19.0.8,443,3,1,2,3882,1294,2588,1294.0,1294,1294,0.0,0.0,0.0,1294.0,1294,1294,0.0,0.0,0.0,1294.0,1294,1294,0.0,0.0,0.0,0.007604479789733887,0.00013589859008789062,0.015073060989379883,0.007468581199645996,5.5779705135705626e-05,0.0,0.0,0.0,0.0,0.0,0.00013589859008789062,0.00013589859008789062,0.00013589859008789062,0.0,0.0,0,3,0.0,1.0,0,0.0,1.0,1,2,0,0,0,0.3333333333333333,0.6666666666666666,0.0,0.0,0.0,0.9182958340544896,0.0,0.015208959579467773
QUIC_CONNECT1.pcap,172.16.0.42:46423->172.19.0.8:443,3,172.16.0.42,46423,172.19.0.8,443,3,1,2,3882,1294,2588,1294.0,1294,1294,0.0,0.0,0.0,1294.0,1294,1294,0.0,0.0,0.0,1294.0,1294,1294,0.0,0.0,0.0,0.006320476531982422,9.989738464355469e-05,0.012541055679321289,0.006220579147338867,3.869560492830715e-05,0.0,0.0,0.0,0.0,0.0,9.989738464355469e-05,9.989738464355469e-05,9.989738464355469e-05,0.0,0.0,0,3,0.0,1.0,0,0.0,1.0,1,2,0,0,0,0.3333333333333333,0.6666666666666666,0.0,0.0,0.0,0.9182958340544896,0.0,0.012640953063964844
QUIC_CONNECT1.pcap,172.16.0.60:51051->172.19.0.8:443,3,172.16.0.60,51051,172.19.0.8,443,3,1,2,3882,1294,2588,1294.0,1294,1294,0.0,0.0,0.0,1294.0,1294,1294,0.0,0.0,0.0,1294.0,1294,1294,0.0,0.0,0.0,0.010730981826782227,0.0001068115234375,0.021355152130126953,0.010624170303344727,0.00011287299463447198,0.0,0.0,0.0,0.0,0.0,0.0001068115234375,0.0001068115234375,0.0001068115234375,0.0,0.0,0,3,0.0,1.0,0,0.0,1.0,1,2,0,0,0,0.3333333333333333,0.6666666666666666,0.0,0.0,0.0,0.9182958340544896,0.0,0.021461963653564453
QUIC_CONNECT1.pcap,172.16.0.43:44004->172.19.0.8:443,3,172.16.0.43,44004,172.19.0.8,443,3,1,2,3882,1294,2588,1294.0,1294,1294,0.0,0.0,0.0,1294.0,1294,1294,0.0,0.0,0.0,1294.0,1294,1294,0.0,0.0,0.0,0.015035033226013184,0.00010204315185546875,0.0299680233001709,0.014932990074157715,0.00022299419255489283,0.0,0.0,0.0,0.0,0.0,0.00010204315185546875,0.00010204315185546875,0.00010204315185546875,0.0,0.0,0,3,0.0,1.0,0,0.0,1.0,1,2,0,0,0,0.3333333333333333,0.6666666666666666,0.0,0.0,0.0,0.9182958340544896,0.0,0.030070066452026367
QUIC_CONNECT1.pcap,172.16.0.57:37265->172.19.0.8:443,3,172.16.0.57,37265,172.19.0.8,443,3,1,2,3882,1294,2588,1294.0,1294,1294,0.0,0.0,0.0,1294.0,1294,1294,0.0,0.0,0.0,1294.0,1294,1294,0.0,0.0,0.0,0.01921558380126953,0.000141143798828125,0.03829002380371094,0.019074440002441406,0.0003638342614067369,0.0,0.0,0.0,0.0,0.0,0.000141143798828125,0.000141143798828125,0.000141143798828125,0.0,0.0,0,3,0.0,1.0,0,0.0,1.0,1,2,0,0,0,0.3333333333333333,0.6666666666666666,0.0,0.0,0.0,0.9182958340544896,0.0,0.03843116760253906
QUIC_CONNECT1.pcap,172.16.0.52:38173->172.19.0.8:443,3,172.16.0.52,38173,172.19.0.8,443,3,1,2,3882,1294,2588,1294.0,1294,1294,0.0,0.0,0.0,1294.0,1294,1294,0.0,0.0,0.0,1294.0,1294,1294,0.0,0.0,0.0,0.023472070693969727,0.00012803077697753906,0.046816110610961914,0.023344039916992188,0.0005449441996461246,0.0,0.0,0.0,0.0,0.0,0.00012803077697753906,0.00012803077697753906,0.00012803077697753906,0.0,0.0,0,3,0.0,1.0,0,0.0,1.0,1,2,0,0,0,0.3333333333333333,0.6666666666666666,0.0,0.0,0.0,0.9182958340544896,0.0,0.04694414138793945
QUIC_CONNECT1.pcap,172.16.0.33:51532->172.19.0.8:443,3,172.16.0.33,51532,172.19.0.8,443,3,1,2,3882,1294,2588,1294.0,1294,1294,0.0,0.0,0.0,1294.0,1294,1294,0.0,0.0,0.0,1294.0,1294,1294,0.0,0.0,0.0,0.027734041213989258,0.00011801719665527344,0.05535006523132324,0.027616024017333984,0.0007626447825259675,0.0,0.0,0.0,0.0,0.0,0.00011801719665527344,0.00011801719665527344,0.00011801719665527344,0.0,0.0,0,3,0.0,1.0,0,0.0,1.0,1,2,0,0,0,0.3333333333333333,0.6666666666666666,0.0,0.0,0.0,0.9182958340544896,0.0,0.055468082427978516
QUIC_CONNECT1.pcap,172.16.0.47:51716->172.19.0.8:443,3,172.16.0.47,51716,172.19.0.8,443,3,1,2,3882,1294,2588,1294.0,1294,1294,0.0,0.0,0.0,1294.0,1294,1294,0.0,0.0,0.0,1294.0,1294,1294,0.0,0.0,0.0,0.031759023666381836,0.0001461505889892578,0.06337189674377441,0.03161287307739258,0.0009993737442073325,0.0,0.0,0.0,0.0,0.0,0.0001461505889892578,0.0001461505889892578,0.0001461505889892578,0.0,0.0,0,3,0.0,1.0,0,0.0,1.0,1,2,0,0,0,0.3333333333333333,0.6666666666666666,0.0,0.0,0.0,0.9182958340544896,0.0,0.06351804733276367
QUIC_CONNECT1.pcap,172.16.0.63:55740->172.19.0.8:443,3,172.16.0.63,55740,172.19.0.8,443,3,1,2,3882,1294,2588,1294.0,1294,1294,0.0,0.0,0.0,1294.0,1294,1294,0.0,0.0,0.0,1294.0,1294,1294,0.0,0.0,0.0,0.0368344783782959,0.0001239776611328125,0.07354497909545898,0.036710500717163086,0.0013476608629048314,0.0,0.0,0.0,0.0,0.0,0.0001239776611328125,0.0001239776611328125,0.0001239776611328125,0.0,0.0,0,3,0.0,1.0,0,0.0,1.0,1,2,0,0,0,0.3333333333333333,0.6666666666666666,0.0,0.0,0.0,0.9182958340544896,0.0,0.0736689567565918
QUIC_CONNECT1.pcap,172.16.0.53:37232->172.19.0.8:443,3,172.16.0.53,37232,172.19.0.8,443,3,1,2,3882,1294,2588,1294.0,1294,1294,0.0,0.0,0.0,1294.0,1294,1294,0.0,0.0,0.0,1294.0,1294,1294,0.0,0.0,0.0,0.04113352298736572,0.00013589859008789062,0.08213114738464355,0.04099762439727783,0.0016808052062202705,0.0,0.0,0.0,0.0,0.0,0.00013589859008789062,0.00013589859008789062,0.00013589859008789062,0.0,0.0,0,3,0.0,1.0,0,0.0,1.0,1,2,0,0,0,0.3333333333333333,0.6666666666666666,0.0,0.0,0.0,0.9182958340544896,0.0,0.08226704597473145
QUIC_CONNECT1.pcap,172.16.0.45:39356->172.19.0.8:443,3,172.16.0.45,39356,172.19.0.8,443,3,1,2,3882,1294,2588,1294.0,1294,1294,0.0,0.0,0.0,1294.0,1294,1294,0.0,0.0,0.0,1294.0,1294,1294,0.0,0.0,0.0,0.04664945602416992,0.00011301040649414062,0.0931859016418457,0.04653644561767578,0.0021656407707268954,0.0,0.0,0.0,0.0,0.0,0.00011301040649414062,0.00011301040649414062,0.00011301040649414062,0.0,0.0,0,3,0.0,1.0,0,0.0,1.0,1,2,0,0,0,0.3333333333333333,0.6666666666666666,0.0,0.0,0.0,0.9182958340544896,0.0,0.09329891204833984
QUIC_CONNECT1.pcap,172.16.0.61:42223->172.19.0.8:443,3,172.16.0.61,42223,172.19.0.8,443,3,1,2,3882,1294,2588,1294.0,1294,1294,0.0,0.0,0.0,1294.0,1294,1294,0.0,0.0,0.0,1294.0,1294,1294,0.0,0.0,0.0,0.050729990005493164,0.00010395050048828125,0.10135602951049805,0.05062603950500488,0.002562995875962315,0.0,0.0,0.0,0.0,0.0,0.00010395050048828125,0.00010395050048828125,0.00010395050048828125,0.0,0.0,0,3,0.0,1.0,0,0.0,1.0,1,2,0,0,0,0.3333333333333333,0.6666666666666666,0.0,0.0,0.0,0.9182958340544896,0.0,0.10145998001098633
QUIC_CONNECT1.pcap,172.16.0.38:40513->172.19.0.8:443,3,172.16.0.38,40513,172.19.0.8,443,3,1,2,3882,1294,2588,1294.0,1294,1294,0.0,0.0,0.0,1294.0,1294,1294,0.0,0.0,0.0,1294.0,1294,1294,0.0,0.0,0.0,0.05476999282836914,9.083747863769531e-05,0.10944914817810059,0.054679155349731445,0.002989810029760065,0.0,0.0,0.0,0.0,0.0,9.083747863769531e-05,9.083747863769531e-05,9.083747863769531e-05,0.0,0.0,0,3,0.0,1.0,0,0.0,1.0,1,2,0,0,0,0.3333333333333333,0.6666666666666666,0.0,0.0,0.0,0.9182958340544896,0.0,0.10953998565673828
QUIC_CONNECT1.pcap,172.16.0.39:40840->172.19.0.8:443,3,172.16.0.39,40840,172.19.0.8,443,3,1,2,3882,1294,2588,1294.0,1294,1294,0.0,0.0,0.0,1294.0,1294,1294,0.0,0.0,0.0,1294.0,1294,1294,0.0,0.0,0.0,0.05896198749542236,0.00010013580322265625,0.11782383918762207,0.05886185169219971,0.0034647175846345135,0.0,0.0,0.0,0.0,0.0,0.00010013580322265625,0.00010013580322265625,0.00010013580322265625,0.0,0.0,0,3,0.0,1.0,0,0.0,1.0,1,2,0,0,0,0.3333333333333333,0.6666666666666666,0.0,0.0,0.0,0.9182958340544896,0.0,0.11792397499084473
QUIC_CONNECT1.pcap,172.16.0.56:59617->172.19.0.8:443,3,172.16.0.56,59617,172.19.0.8,443,3,1,2,3882,1294,2588,1294.0,1294,1294,0.0,0.0,0.0,1294.0,1294,1294,0.0,0.0,0.0,1294.0,1294,1294,0.0,0.0,0.0,0.06320953369140625,9.918212890625e-05,0.12631988525390625,0.0631103515625,0.003982916474342346,0.0,0.0,0.0,0.0,0.0,9.918212890625e-05,9.918212890625e-05,9.918212890625e-05,0.0,0.0,0,3,0.0,1.0,0,0.0,1.0,1,2,0,0,0,0.3333333333333333,0.6666666666666666,0.0,0.0,0.0,0.9182958340544896,0.0,0.1264190673828125
QUIC_CONNECT1.pcap,172.16.0.36:59041->172.19.0.8:443,3,172.16.0.36,59041,172.19.0.8,443,3,1,2,3882,1294,2588,1294.0,1294,1294,0.0,0.0,0.0,1294.0,1294,1294,0.0,0.0,0.0,1294.0,1294,1294,0.0,0.0,0.0,0.06722939014434814,0.0001068115234375,0.1343519687652588,0.06712257862091064,0.004505440560720331,0.0,0.0,0.0,0.0,0.0,0.0001068115234375,0.0001068115234375,0.0001068115234375,0.0,0.0,0,3,0.0,1.0,0,0.0,1.0,1,2,0,0,0,0.3333333333333333,0.6666666666666666,0.0,0.0,0.0,0.9182958340544896,0.0,0.1344587802886963
QUIC_CONNECT1.pcap,172.16.0.34:41140->172.19.0.8:443,3,172.16.0.34,41140,172.19.0.8,443,3,1,2,3882,1294,2588,1294.0,1294,1294,0.0,0.0,0.0,1294.0,1294,1294,0.0,0.0,0.0,1294.0,1294,1294,0.0,0.0,0.0,0.07148098945617676,9.894371032714844e-05,0.14286303520202637,0.07138204574584961,0.005095396454862566,0.0,0.0,0.0,0.0,0.0,9.894371032714844e-05,9.894371032714844e-05,9.894371032714844e-05,0.0,0.0,0,3,0.0,1.0,0,0.0,1.0,1,2,0,0,0,0.3333333333333333,0.6666666666666666,0.0,0.0,0.0,0.9182958340544896,0.0,0.14296197891235352
QUIC_CONNECT1.pcap,172.16.0.40:52684->172.19.0.8:443,3,172.16.0.40,52684,172.19.0.8,443,3,1,2,3882,1294,2588,1294.0,1294,1294,0.0,0.0,0.0,1294.0,1294,1294,0.0,0.0,0.0,1294.0,1294,1294,0.0,0.0,0.0,0.07574498653411865,9.894371032714844e-05,0.15139102935791016,0.0756460428237915,0.005722323794898898,0.0,0.0,0.0,0.0,0.0,9.894371032714844e-05,9.894371032714844e-05,9.894371032714844e-05,0.0,0.0,0,3,0.0,1.0,0,0.0,1.0,1,2,0,0,0,0.3333333333333333,0.6666666666666666,0.0,0.0,0.0,0.9182958340544896,0.0,0.1514899730682373
QUIC_CONNECT1.pcap,172.16.0.46:35960->172.19.0.8:443,3,172.16.0.46,35960,172.19.0.8,443,3,1,2,3882,1294,2588,1294.0,1294,1294,0.0,0.0,0.0,1294.0,1294,1294,0.0,0.0,0.0,1294.0,1294,1294,0.0,0.0,0.0,0.07948899269104004,0.00017595291137695312,0.15880203247070312,0.07931303977966309,0.006290558279090419,0.0,0.0,0.0,0.0,0.0,0.00017595291137695312,0.00017595291137695312,0.00017595291137695312,0.0,0.0,0,3,0.0,1.0,0,0.0,1.0,1,2,0,0,0,0.3333333333333333,0.6666666666666666,0.0,0.0,0.0,0.9182958340544896,0.0,0.15897798538208008
QUIC_CONNECT1.pcap,172.16.0.44:50663->172.19.0.8:443,3,172.16.0.44,50663,172.19.0.8,443,3,1,2,3882,1294,2588,1294.0,1294,1294,0.0,0.0,0.0,1294.0,1294,1294,0.0,0.0,0.0,1294.0,1294,1294,0.0,0.0,0.0,0.0837944746017456,0.00010609626770019531,0.16748285293579102,0.08368837833404541,0.007003744668182321,0.0,0.0,0.0,0.0,0.0,0.00010609626770019531,0.00010609626770019531,0.00010609626770019531,0.0,0.0,0,3,0.0,1.0,0,0.0,1.0,1,2,0,0,0,0.3333333333333333,0.6666666666666666,0.0,0.0,0.0,0.9182958340544896,0.0,0.1675889492034912
QUIC_CONNECT1.pcap,172.16.0.32:41037->172.19.0.8:443,3,172.16.0.32,41037,172.19.0.8,443,3,1,2,3882,1294,2588,1294.0,1294,1294,0.0,0.0,0.0,1294.0,1294,1294,0.0,0.0,0.0,1294.0,1294,1294,0.0,0.0,0.0,0.08800995349884033,0.00010085105895996094,0.1759190559387207,0.08790910243988037,0.007728010291785381,0.0,0.0,0.0,0.0,0.0,0.00010085105895996094,0.00010085105895996094,0.00010085105895996094,0.0,0.0,0,3,0.0,1.0,0,0.0,1.0,1,2,0,0,0,0.3333333333333333,0.6666666666666666,0.0,0.0,0.0,0.9182958340544896,0.0,0.17601990699768066
QUIC_CONNECT1.pcap,172.16.0.50:58990->172.19.0.8:443,3,172.16.0.50,58990,172.19.0.8,443,3,1,2,3882,1294,2588,1294.0,1294,1294,0.0,0.0,0.0,1294.0,1294,1294,0.0,0.0,0.0,1294.0,1294,1294,0.0,0.0,0.0,0.09197402000427246,0.00012993812561035156,0.18381810188293457,0.09184408187866211,0.00843533537613439,0.0,0.0,0.0,0.0,0.0,0.00012993812561035156,0.00012993812561035156,0.00012993812561035156,0.0,0.0,0,3,0.0,1.0,0,0.0,1.0,1,2,0,0,0,0.3333333333333333,0.6666666666666666,0.0,0.0,0.0,0.9182958340544896,0.0,0.18394804000854492
QUIC_CONNECT1.pcap,172.16.0.58:55210->172.19.0.8:443,3,172.16.0.58,55210,172.19.0.8,443,3,3,0,3882,3882,0,1294.0,1294,1294,0.0,0.0,0.0,1294.0,1294,1294,0.0,0.0,0.0,0.0,0,0,0.0,0.0,0.0,0.011612534523010254,2.002716064453125e-05,0.023205041885375977,0.011592507362365723,0.00013438622694650348,0.011612534523010254,2.002716064453125e-05,0.023205041885375977,0.011592507362365723,0.00013438622694650348,0.0,0.0,0.0,0.0,0.0,0,3,0.0,1.0,0,0.0,1.0,3,0,0,0,0,1.0,0.0,0.0,0.0,0.0,0.0,0.0,0.023225069046020508
QUIC_CONNECT1.pcap,172.16.0.54:33210->172.19.0.8:443,3,172.16.0.54,33210,172.19.0.8,443,3,3,0,3882,3882,0,1294.0,1294,1294,0.0,0.0,0.0,1294.0,1294,1294,0.0,0.0,0.0,0.0,0,0,0.0,0.0,0.0,0.10024857521057129,1.5020370483398438e-05,0.20048213005065918,0.10023355484008789,0.010046765515880907,0.10024857521057129,1.5020370483398438e-05,0.20048213005065918,0.10023355484008789,0.010046765515880907,0.0,0.0,0.0,0.0,0.0,0,3,0.0,1.0,0,0.0,1.0,3,0,0,0,0,1.0,0.0,0.0,0.0,0.0,0.0,0.0,0.20049715042114258
QUIC_CONNECT1.pcap,172.16.0.49:50999->172.19.0.8:443,3,172.16.0.49,50999,172.19.0.8,443,3,3,0,3882,3882,0,1294.0,1294,1294,0.0,0.0,0.0,1294.0,1294,1294,0.0,0.0,0.0,0.0,0,0,0.0,0.0,0.0,0.05892300605773926,3.0040740966796875e-05,0.11781597137451172,0.05889296531677246,0.003468381363802564,0.05892300605773926,3.0040740966796875e-05,0.11781597137451172,0.05889296531677246,0.003468381363802564,0.0,0.0,0.0,0.0,0.0,0,3,0.0,1.0,0,0.0,1.0,3,0,0,0,0,1.0,0.0,0.0,0.0,0.0,0.0,0.0,0.11784601211547852
QUIC_CONNECT1.pcap,172.16.0.62:37061->172.19.0.8:443,3,172.16.0.62,37061,172.19.0.8,443,3,3,0,3882,3882,0,1294.0,1294,1294,0.0,0.0,0.0,1294.0,1294,1294,0.0,0.0,0.0,0.0,0,0,0.0,0.0,0.0,0.055696964263916016,0.0,0.11139392852783203,0.055696964263916016,0.0031021518282159377,0.055696964263916016,0.0,0.11139392852783203,0.055696964263916016,0.0031021518282159377,0.0,0.0,0.0,0.0,0.0,0,3,0.0,1.0,0,0.0,1.0,3,0,0,0,0,1.0,0.0,0.0,0.0,0.0,0.0,0.0,0.11139392852783203
QUIC_CONNECT1.pcap,172.16.0.24:42648->172.19.0.8:443,3,172.16.0.24,42648,172.19.0.8,443,3,3,0,3882,3882,0,1294.0,1294,1294,0.0,0.0,0.0,1294.0,1294,1294,0.0,0.0,0.0,0.0,0,0,0.0,0.0,0.0,0.10026800632476807,3.0994415283203125e-05,0.20050501823425293,0.10023701190948486,0.01004745855654221,0.10026800632476807,3.0994415283203125e-05,0.20050501823425293,0.10023701190948486,0.01004745855654221,0.0,0.0,0.0,0.0,0.0,0,3,0.0,1.0,0,0.0,1.0,3,0,0,0,0,1.0,0.0,0.0,0.0,0.0,0.0,0.0,0.20053601264953613
QUIC_CONNECT1.pcap,172.16.0.59:50819->172.19.0.8:443,3,172.16.0.59,50819,172.19.0.8,443,3,3,0,3882,3882,0,1294.0,1294,1294,0.0,0.0,0.0,1294.0,1294,1294,0.0,0.0,0.0,0.0,0,0,0.0,0.0,0.0,1.6927719116210938e-05,0.0,3.3855438232421875e-05,1.6927719116210938e-05,2.865476744773332e-10,1.6927719116210938e-05,0.0,3.3855438232421875e-05,1.6927719116210938e-05,2.865476744773332e-10,0.0,0.0,0.0,0.0,0.0,0,3,0.0,1.0,0,0.0,1.0,3,0,0,0,0,1.0,0.0,0.0,0.0,0.0,0.0,0.0,3.3855438232421875e-05
QUIC_CONNECT1.pcap,172.16.0.28:55573->172.19.0.8:443,3,172.16.0.28,55573,172.19.0.8,443,3,3,0,3882,3882,0,1294.0,1294,1294,0.0,0.0,0.0,1294.0,1294,1294,0.0,0.0,0.0,0.0,0,0,0.0,0.0,0.0,0.10052657127380371,3.314018249511719e-05,0.2010200023651123,0.1004934310913086,0.010098929692503589,0.10052657127380371,3.314018249511719e-05,0.2010200023651123,0.1004934310913086,0.010098929692503589,0.0,0.0,0.0,0.0,0.0,0,3,0.0,1.0,0,0.0,1.0,3,0,0,0,0,1.0,0.0,0.0,0.0,0.0,0.0,0.0,0.20105314254760742
QUIC_CONNECT1.pcap,172.16.0.41:36606->172.19.0.8:443,3,172.16.0.41,36606,172.19.0.8,443,3,1,2,3882,1294,2588,1294.0,1294,1294,0.0,0.0,0.0,1294.0,1294,1294,0.0,0.0,0.0,1294.0,1294,1294,0.0,0.0,0.0,0.0490419864654541,0.00011706352233886719,0.09796690940856934,0.048924922943115234,0.0023936480849897634,0.0,0.0,0.0,0.0,0.0,0.00011706352233886719,0.00011706352233886719,0.00011706352233886719,0.0,0.0,0,3,0.0,1.0,0,0.0,1.0,1,2,0,0,0,0.3333333333333333,0.6666666666666666,0.0,0.0,0.0,0.9182958340544896,0.0,0.0980839729309082
QUIC_CONNECT1.pcap,172.16.0.48:34450->172.19.0.8:443,3,172.16.0.48,34450,172.19.0.8,443,3,1,2,3882,1294,2588,1294.0,1294,1294,0.0,0.0,0.0,1294.0,1294,1294,0.0,0.0,0.0,1294.0,1294,1294,0.0,0.0,0.0,0.04465746879577637,9.989738464355469e-05,0.08921504020690918,0.04455757141113281,0.0019853771700582,0.0,0.0,0.0,0.0,0.0,9.989738464355469e-05,9.989738464355469e-05,9.989738464355469e-05,0.0,0.0,0,3,0.0,1.0,0,0.0,1.0,1,2,0,0,0,0.3333333333333333,0.6666666666666666,0.0,0.0,0.0,0.9182958340544896,0.0,0.08931493759155273
QUIC_CONNECT1.pcap,172.16.0.30:47922->172.19.0.8:443,3,172.16.0.30,47922,172.19.0.8,443,3,1,2,3882,1294,2588,1294.0,1294,1294,0.0,0.0,0.0,1294.0,1294,1294,0.0,0.0,0.0,1294.0,1294,1294,0.0,0.0,0.0,0.042878031730651855,0.00011086463928222656,0.08564519882202148,0.04276716709136963,0.0018290305810211294,0.0,0.0,0.0,0.0,0.0,0.00011086463928222656,0.00011086463928222656,0.00011086463928222656,0.0,0.0,0,3,0.0,1.0,0,0.0,1.0,1,2,0,0,0,0.3333333333333333,0.6666666666666666,0.0,0.0,0.0,0.9182958340544896,0.0,0.08575606346130371
QUIC_CONNECT1.pcap,172.16.0.37:41414->172.19.0.8:443,3,172.16.0.37,41414,172.19.0.8,443,3,1,2,3882,1294,2588,1294.0,1294,1294,0.0,0.0,0.0,1294.0,1294,1294,0.0,0.0,0.0,1294.0,1294,1294,0.0,0.0,0.0,0.04465842247009277,0.00010991096496582031,0.08920693397521973,0.04454851150512695,0.0019845698773224285,0.0,0.0,0.0,0.0,0.0,0.00010991096496582031,0.00010991096496582031,0.00010991096496582031,0.0,0.0,0,3,0.0,1.0,0,0.0,1.0,1,2,0,0,0,0.3333333333333333,0.6666666666666666,0.0,0.0,0.0,0.9182958340544896,0.0,0.08931684494018555
QUIC_CONNECT1.pcap,172.16.0.31:59213->172.19.0.8:443,3,172.16.0.31,59213,172.19.0.8,443,3,1,2,3882,1294,2588,1294.0,1294,1294,0.0,0.0,0.0,1294.0,1294,1294,0.0,0.0,0.0,1294.0,1294,1294,0.0,0.0,0.0,0.04795646667480469,9.989738464355469e-05,0.09581303596496582,0.04785656929016113,0.0022902512242239936,0.0,0.0,0.0,0.0,0.0,9.989738464355469e-05,9.989738464355469e-05,9.989738464355469e-05,0.0,0.0,0,3,0.0,1.0,0,0.0,1.0,1,2,0,0,0,0.3333333333333333,0.6666666666666666,0.0,0.0,0.0,0.9182958340544896,0.0,0.09591293334960938
QUIC_CONNECT1.pcap,172.16.0.26:49827->172.19.0.8:443,3,172.16.0.26,49827,172.19.0.8,443,3,1,2,3882,1294,2588,1294.0,1294,1294,0.0,0.0,0.0,1294.0,1294,1294,0.0,0.0,0.0,1294.0,1294,1294,0.0,0.0,0.0,0.04451799392700195,0.00011897087097167969,0.08891701698303223,0.04439902305603027,0.001971273248329908,0.0,0.0,0.0,0.0,0.0,0.00011897087097167969,0.00011897087097167969,0.00011897087097167969,0.0,0.0,0,3,0.0,1.0,0,0.0,1.0,1,2,0,0,0,0.3333333333333333,0.6666666666666666,0.0,0.0,0.0,0.9182958340544896,0.0,0.0890359878540039
QUIC_CONNECT1.pcap,172.16.0.55:57740->172.19.0.8:443,3,172.16.0.55,57740,172.19.0.8,443,3,1,2,3882,1294,2588,1294.0,1294,1294,0.0,0.0,0.0,1294.0,1294,1294,0.0,0.0,0.0,1294.0,1294,1294,0.0,0.0,0.0,0.04555702209472656,0.00012111663818359375,0.09099292755126953,0.04543590545654297,0.002064421504655911,0.0,0.0,0.0,0.0,0.0,0.00012111663818359375,0.00012111663818359375,0.00012111663818359375,0.0,0.0,0,3,0.0,1.0,0,0.0,1.0,1,2,0,0,0,0.3333333333333333,0.6666666666666666,0.0,0.0,0.0,0.9182958340544896,0.0,0.09111404418945312
QUIC_CONNECT1.pcap,172.16.0.27:49842->172.19.0.8:443,3,172.16.0.27,49842,172.19.0.8,443,3,1,2,3882,1294,2588,1294.0,1294,1294,0.0,0.0,0.0,1294.0,1294,1294,0.0,0.0,0.0,1294.0,1294,1294,0.0,0.0,0.0,0.005698442459106445,0.0001289844512939453,0.011267900466918945,0.0055694580078125,3.101886250078678e-05,0.0,0.0,0.0,0.0,0.0,0.0001289844512939453,0.0001289844512939453,0.0001289844512939453,0.0,0.0,0,3,0.0,1.0,0,0.0,1.0,1,2,0,0,0,0.3333333333333333,0.6666666666666666,0.0,0.0,0.0,0.9182958340544896,0.0,0.01139688491821289
QUIC_CONNECT1.pcap,172.16.0.25:39666->172.19.0.8:443,3,172.16.0.25,39666,172.19.0.8,443,3,1,2,3882,1294,2588,1294.0,1294,1294,0.0,0.0,0.0,1294.0,1294,1294,0.0,0.0,0.0,1294.0,1294,1294,0.0,0.0,0.0,0.011210083961486816,9.799003601074219e-05,0.02232217788696289,0.011112093925476074,0.00012347863140860227,0.0,0.0,0.0,0.0,0.0,9.799003601074219e-05,9.799003601074219e-05,9.799003601074219e-05,0.0,0.0,0,3,0.0,1.0,0,0.0,1.0,1,2,0,0,0,0.3333333333333333,0.6666666666666666,0.0,0.0,0.0,0.9182958340544896,0.0,0.022420167922973633
QUIC_CONNECT1.pcap,172.16.0.29:34310->172.19.0.8:443,3,172.16.0.29,34310,172.19.0.8,443,3,1,2,3882,1294,2588,1294.0,1294,1294,0.0,0.0,0.0,1294.0,1294,1294,0.0,0.0,0.0,1294.0,1294,1294,0.0,0.0,0.0,0.011896014213562012,0.00010204315185546875,0.023689985275268555,0.011793971061706543,0.00013909775340437136,0.0,0.0,0.0,0.0,0.0,0.00010204315185546875,0.00010204315185546875,0.00010204315185546875,0.0,0.0,0,3,0.0,1.0,0,0.0,1.0,1,2,0,0,0,0.3333333333333333,0.6666666666666666,0.0,0.0,0.0,0.9182958340544896,0.0,0.023792028427124023
QUIC_CONNECT1.pcap,172.16.0.58:38515->172.19.0.8:443,3,172.16.0.58,38515,172.19.0.8,443,3,1,2,3882,1294,2588,1294.0,1294,1294,0.0,0.0,0.0,1294.0,1294,1294,0.0,0.0,0.0,1294.0,1294,1294,0.0,0.0,0.0,0.004514455795288086,0.00012302398681640625,0.008905887603759766,0.00439143180847168,1.9284673328456847e-05,0.0,0.0,0.0,0.0,0.0,0.00012302398681640625,0.00012302398681640625,0.00012302398681640625,0.0,0.0,0,3,0.0,1.0,0,0.0,1.0,1,2,0,0,0,0.3333333333333333,0.6666666666666666,0.0,0.0,0.0,0.9182958340544896,0.0,0.009028911590576172
QUIC_CONNECT1.pcap,172.16.0.51:34190->172.19.0.8:443,3,172.16.0.51,34190,172.19.0.8,443,3,1,2,3882,1294,2588,1294.0,1294,1294,0.0,0.0,0.0,1294.0,1294,1294,0.0,0.0,0.0,1294.0,1294,1294,0.0,0.0,0.0,0.004951000213623047,0.00012087821960449219,0.009781122207641602,0.004830121994018555,2.333007847710178e-05,0.0,0.0,0.0,0.0,0.0,0.00012087821960449219,0.00012087821960449219,0.00012087821960449219,0.0,0.0,0,3,0.0,1.0,0,0.0,1.0,1,2,0,0,0,0.3333333333333333,0.6666666666666666,0.0,0.0,0.0,0.9182958340544896,0.0,0.009902000427246094
QUIC_CONNECT1.pcap,172.16.0.45:35375->172.19.0.8:443,3,172.16.0.45,35375,172.19.0.8,443,3,1,2,3882,1294,2588,1294.0,1294,1294,0.0,0.0,0.0,1294.0,1294,1294,0.0,0.0,0.0,1294.0,1294,1294,0.0,0.0,0.0,0.007373452186584473,0.00011110305786132812,0.014635801315307617,0.0072623491287231445,5.2741714867465816e-05,0.0,0.0,0.0,0.0,0.0,0.00011110305786132812,0.00011110305786132812,0.00011110305786132812,0.0,0.0,0,3,0.0,1.0,0,0.0,1.0,1,2,0,0,0,0.3333333333333333,0.6666666666666666,0.0,0.0,0.0,0.9182958340544896,0.0,0.014746904373168945
QUIC_CONNECT1.pcap,172.16.0.42:45268->172.19.0.8:443,3,172.16.0.42,45268,172.19.0.8,443,3,1,2,3882,1294,2588,1294.0,1294,1294,0.0,0.0,0.0,1294.0,1294,1294,0.0,0.0,0.0,1294.0,1294,1294,0.0,0.0,0.0,0.011671900749206543,0.0001068115234375,0.023236989974975586,0.011565089225769043,0.0001337512887999992,0.0,0.0,0.0,0.0,0.0,0.0001068115234375,0.0001068115234375,0.0001068115234375,0.0,0.0,0,3,0.0,1.0,0,0.0,1.0,1,2,0,0,0,0.3333333333333333,0.6666666666666666,0.0,0.0,0.0,0.9182958340544896,0.0,0.023343801498413086
QUIC_CONNECT1.pcap,172.16.0.49:35369->172.19.0.8:443,3,172.16.0.49,35369,172.19.0.8,443,3,1,2,3882,1294,2588,1294.0,1294,1294,0.0,0.0,0.0,1294.0,1294,1294,0.0,0.0,0.0,1294.0,1294,1294,0.0,0.0,0.0,0.015830397605895996,0.00010895729064941406,0.03155183792114258,0.015721440315246582,0.00024716368558586055,0.0,0.0,0.0,0.0,0.0,0.00010895729064941406,0.00010895729064941406,0.00010895729064941406,0.0,0.0,0,3,0.0,1.0,0,0.0,1.0,1,2,0,0,0,0.3333333333333333,0.6666666666666666,0.0,0.0,0.0,0.9182958340544896,0.0,0.03166079521179199
QUIC_CONNECT1.pcap,172.16.0.47:36361->172.19.0.8:443,3,172.16.0.47,36361,172.19.0.8,443,3,1,2,3882,1294,2588,1294.0,1294,1294,0.0,0.0,0.0,1294.0,1294,1294,0.0,0.0,0.0,1294.0,1294,1294,0.0,0.0,0.0,0.020010948181152344,0.0001010894775390625,0.039920806884765625,0.01990985870361328,0.00039640247359784553,0.0,0.0,0.0,0.0,0.0,0.0001010894775390625,0.0001010894775390625,0.0001010894775390625,0.0,0.0,0,3,0.0,1.0,0,0.0,1.0,1,2,0,0,0,0.3333333333333333,0.6666666666666666,0.0,0.0,0.0,0.9182958340544896,0.0,0.04002189636230469
QUIC_CONNECT1.pcap,172.16.0.32:43210->172.19.0.8:443,3,172.16.0.32,43210,172.19.0.8,443,3,1,2,3882,1294,2588,1294.0,1294,1294,0.0,0.0,0.0,1294.0,1294,1294,0.0,0.0,0.0,1294.0,1294,1294,0.0,0.0,0.0,0.02422499656677246,0.00010013580322265625,0.048349857330322266,0.024124860763549805,0.0005820089068606649,0.0,0.0,0.0,0.0,0.0,0.00010013580322265625,0.00010013580322265625,0.00010013580322265625,0.0,0.0,0,3,0.0,1.0,0,0.0,1.0,1,2,0,0,0,0.3333333333333333,0.6666666666666666,0.0,0.0,0.0,0.9182958340544896,0.0,0.04844999313354492
QUIC_CONNECT1.pcap,172.16.0.54:51448->172.19.0.8:443,3,172.16.0.54,51448,172.19.0.8,443,3,1,2,3882,1294,2588,1294.0,1294,1294,0.0,0.0,0.0,1294.0,1294,1294,0.0,0.0,0.0,1294.0,1294,1294,0.0,0.0,0.0,0.033141493797302246,0.0001571178436279297,0.06612586975097656,0.032984375953674316,0.0010879690570533285,0.0,0.0,0.0,0.0,0.0,0.0001571178436279297,0.0001571178436279297,0.0001571178436279297,0.0,0.0,0,3,0.0,1.0,0,0.0,1.0,1,2,0,0,0,0.3333333333333333,0.6666666666666666,0.0,0.0,0.0,0.9182958340544896,0.0,0.06628298759460449
QUIC_CONNECT1.pcap,172.16.0.56:54087->172.19.0.8:443,3,172.16.0.56,54087,172.19.0.8,443,3,1,2,3882,1294,2588,1294.0,1294,1294,0.0,0.0,0.0,1294.0,1294,1294,0.0,0.0,0.0,1294.0,1294,1294,0.0,0.0,0.0,0.037994980812072754,0.00010609626770019531,0.07588386535644531,0.03788888454437256,0.0014355675720167937,0.0,0.0,0.0,0.0,0.0,0.00010609626770019531,0.00010609626770019531,0.00010609626770019531,0.0,0.0,0,3,0.0,1.0,0,0.0,1.0,1,2,0,0,0,0.3333333333333333,0.6666666666666666,0.0,0.0,0.0,0.9182958340544896,0.0,0.07598996162414551
QUIC_CONNECT1.pcap,172.16.0.61:56072->172.19.0.8:443,3,172.16.0.61,56072,172.19.0.8,443,3,1,2,3882,1294,2588,1294.0,1294,1294,0.0,0.0,0.0,1294.0,1294,1294,0.0,0.0,0.0,1294.0,1294,1294,0.0,0.0,0.0,0.04440748691558838,0.0001220703125,0.08869290351867676,0.04428541660308838,0.001961198123709096,0.0,0.0,0.0,0.0,0.0,0.0001220703125,0.0001220703125,0.0001220703125,0.0,0.0,0,3,0.0,1.0,0,0.0,1.0,1,2,0,0,0,0.3333333333333333,0.6666666666666666,0.0,0.0,0.0,0.9182958340544896,0.0,0.08881497383117676
QUIC_CONNECT1.pcap,172.16.0.43:46358->172.19.0.8:443,3,172.16.0.43,46358,172.19.0.8,443,3,1,2,3882,1294,2588,1294.0,1294,1294,0.0,0.0,0.0,1294.0,1294,1294,0.0,0.0,0.0,1294.0,1294,1294,0.0,0.0,0.0,0.04874897003173828,0.00010895729064941406,0.09738898277282715,0.04864001274108887,0.0023658508394532873,0.0,0.0,0.0,0.0,0.0,0.00010895729064941406,0.00010895729064941406,0.00010895729064941406,0.0,0.0,0,3,0.0,1.0,0,0.0,1.0,1,2,0,0,0,0.3333333333333333,0.6666666666666666,0.0,0.0,0.0,0.9182958340544896,0.0,0.09749794006347656
QUIC_CONNECT1.pcap,172.16.0.40:45788->172.19.0.8:443,3,172.16.0.40,45788,172.19.0.8,443,3,1,2,3882,1294,2588,1294.0,1294,1294,0.0,0.0,0.0,1294.0,1294,1294,0.0,0.0,0.0,1294.0,1294,1294,0.0,0.0,0.0,0.05228102207183838,0.00010704994201660156,0.10445499420166016,0.05217397212982178,0.0027221233678034196,0.0,0.0,0.0,0.0,0.0,0.00010704994201660156,0.00010704994201660156,0.00010704994201660156,0.0,0.0,0,3,0.0,1.0,0,0.0,1.0,1,2,0,0,0,0.3333333333333333,0.6666666666666666,0.0,0.0,0.0,0.9182958340544896,0.0,0.10456204414367676
QUIC_CONNECT1.pcap,172.16.0.34:59051->172.19.0.8:443,3,172.16.0.34,59051,172.19.0.8,443,3,1,2,3882,1294,2588,1294.0,1294,1294,0.0,0.0,0.0,1294.0,1294,1294,0.0,0.0,0.0,1294.0,1294,1294,0.0,0.0,0.0,0.056511521339416504,0.00010704994201660156,0.1129159927368164,0.0564044713973999,0.0031814643936201037,0.0,0.0,0.0,0.0,0.0,0.00010704994201660156,0.00010704994201660156,0.00010704994201660156,0.0,0.0,0,3,0.0,1.0,0,0.0,1.0,1,2,0,0,0,0.3333333333333333,0.6666666666666666,0.0,0.0,0.0,0.9182958340544896,0.0,0.11302304267883301
QUIC_CONNECT1.pcap,172.16.0.38:58543->172.19.0.8:443,3,172.16.0.38,58543,172.19.0.8,443,3,1,2,3882,1294,2588,1294.0,1294,1294,0.0,0.0,0.0,1294.0,1294,1294,0.0,0.0,0.0,1294.0,1294,1294,0.0,0.0,0.0,0.06082355976104736,0.00017690658569335938,0.12147021293640137,0.060646653175354004,0.003678016541371676,0.0,0.0,0.0,0.0,0.0,0.00017690658569335938,0.00017690658569335938,0.00017690658569335938,0.0,0.0,0,3,0.0,1.0,0,0.0,1.0,1,2,0,0,0,0.3333333333333333,0.6666666666666666,0.0,0.0,0.0,0.9182958340544896,0.0,0.12164711952209473
QUIC_CONNECT1.pcap,172.16.0.52:40768->172.19.0.8:443,3,172.16.0.52,40768,172.19.0.8,443,3,1,2,3882,1294,2588,1294.0,1294,1294,0.0,0.0,0.0,1294.0,1294,1294,0.0,0.0,0.0,1294.0,1294,1294,0.0,0.0,0.0,0.06543803215026855,0.00011491775512695312,0.13076114654541016,0.0653231143951416,0.004267109274280756,0.0,0.0,0.0,0.0,0.0,0.00011491775512695312,0.00011491775512695312,0.00011491775512695312,0.0,0.0,0,3,0.0,1.0,0,0.0,1.0,1,2,0,0,0,0.3333333333333333,0.6666666666666666,0.0,0.0,0.0,0.9182958340544896,0.0,0.1308760643005371
QUIC_CONNECT1.pcap,172.16.0.60:44239->172.19.0.8:443,3,172.16.0.60,44239,172.19.0.8,443,3,1,2,3882,1294,2588,1294.0,1294,1294,0.0,0.0,0.0,1294.0,1294,1294,0.0,0.0,0.0,1294.0,1294,1294,0.0,0.0,0.0,0.06976199150085449,0.0002498626708984375,0.13927412033081055,0.06951212882995605,0.004831936054472408,0.0,0.0,0.0,0.0,0.0,0.0002498626708984375,0.0002498626708984375,0.0002498626708984375,0.0,0.0,0,3,0.0,1.0,0,0.0,1.0,1,2,0,0,0,0.3333333333333333,0.6666666666666666,0.0,0.0,0.0,0.9182958340544896,0.0,0.13952398300170898
QUIC_CONNECT1.pcap,172.16.0.63:33229->172.19.0.8:443,3,172.16.0.63,33229,172.19.0.8,443,3,1,2,3882,1294,2588,1294.0,1294,1294,0.0,0.0,0.0,1294.0,1294,1294,0.0,0.0,0.0,1294.0,1294,1294,0.0,0.0,0.0,0.07400906085968018,0.00011610984802246094,0.1479020118713379,0.07389295101165771,0.005460168209211247,0.0,0.0,0.0,0.0,0.0,0.00011610984802246094,0.00011610984802246094,0.00011610984802246094,0.0,0.0,0,3,0.0,1.0,0,0.0,1.0,1,2,0,0,0,0.3333333333333333,0.6666666666666666,0.0,0.0,0.0,0.9182958340544896,0.0,0.14801812171936035
QUIC_CONNECT1.pcap,172.16.0.39:44363->172.19.0.8:443,3,172.16.0.39,44363,172.19.0.8,443,3,1,2,3882,1294,2588,1294.0,1294,1294,0.0,0.0,0.0,1294.0,1294,1294,0.0,0.0,0.0,1294.0,1294,1294,0.0,0.0,0.0,0.0778205394744873,0.00011801719665527344,0.15552306175231934,0.07770252227783203,0.006037681968336983,0.0,0.0,0.0,0.0,0.0,0.00011801719665527344,0.00011801719665527344,0.00011801719665527344,0.0,0.0,0,3,0.0,1.0,0,0.0,1.0,1,2,0,0,0,0.3333333333333333,0.6666666666666666,0.0,0.0,0.0,0.9182958340544896,0.0,0.1556410789489746
QUIC_CONNECT1.pcap,172.16.0.33:32934->172.19.0.8:443,3,172.16.0.33,32934,172.19.0.8,443,3,1,2,3882,1294,2588,1294.0,1294,1294,0.0,0.0,0.0,1294.0,1294,1294,0.0,0.0,0.0,1294.0,1294,1294,0.0,0.0,0.0,0.08200347423553467,0.00011992454528808594,0.16388702392578125,0.08188354969024658,0.006704915709875081,0.0,0.0,0.0,0.0,0.0,0.00011992454528808594,0.00011992454528808594,0.00011992454528808594,0.0,0.0,0,3,0.0,1.0,0,0.0,1.0,1,2,0,0,0,0.3333333333333333,0.6666666666666666,0.0,0.0,0.0,0.9182958340544896,0.0,0.16400694847106934
QUIC_CONNECT1.pcap,172.16.0.24:58471->172.19.0.8:443,3,172.16.0.24,58471,172.19.0.8,443,3,1,2,3882,1294,2588,1294.0,1294,1294,0.0,0.0,0.0,1294.0,1294,1294,0.0,0.0,0.0,1294.0,1294,1294,0.0,0.0,0.0,0.08630001544952393,9.894371032714844e-05,0.1725010871887207,0.08620107173919678,0.007430624768986149,0.0,0.0,0.0,0.0,0.0,9.894371032714844e-05,9.894371032714844e-05,9.894371032714844e-05,0.0,0.0,0,3,0.0,1.0,0,0.0,1.0,1,2,0,0,0,0.3333333333333333,0.6666666666666666,0.0,0.0,0.0,0.9182958340544896,0.0,0.17260003089904785
QUIC_CONNECT1.pcap,172.16.0.36:38185->172.19.0.8:443,3,172.16.0.36,38185,172.19.0.8,443,3,1,2,3882,1294,2588,1294.0,1294,1294,0.0,0.0,0.0,1294.0,1294,1294,0.0,0.0,0.0,1294.0,1294,1294,0.0,0.0,0.0,0.09048402309417725,0.000102996826171875,0.18086504936218262,0.09038102626800537,0.008168729909257877,0.0,0.0,0.0,0.0,0.0,0.000102996826171875,0.000102996826171875,0.000102996826171875,0.0,0.0,0,3,0.0,1.0,0,0.0,1.0,1,2,0,0,0,0.3333333333333333,0.6666666666666666,0.0,0.0,0.0,0.9182958340544896,0.0,0.1809680461883545
QUIC_CONNECT1.pcap,172.16.0.46:51427->172.19.0.8:443,3,172.16.0.46,51427,172.19.0.8,443,3,1,2,3882,1294,2588,1294.0,1294,1294,0.0,0.0,0.0,1294.0,1294,1294,0.0,0.0,0.0,1294.0,1294,1294,0.0,0.0,0.0,0.09430849552154541,0.00014090538024902344,0.1884760856628418,0.09416759014129639,0.00886753503301918,0.0,0.0,0.0,0.0,0.0,0.00014090538024902344,0.00014090538024902344,0.00014090538024902344,0.0,0.0,0,3,0.0,1.0,0,0.0,1.0,1,2,0,0,0,0.3333333333333333,0.6666666666666666,0.0,0.0,0.0,0.9182958340544896,0.0,0.18861699104309082
QUIC_CONNECT1.pcap,172.16.0.57:47510->172.19.0.8:443,3,172.16.0.57,47510,172.19.0.8,443,3,1,2,3882,1294,2588,1294.0,1294,1294,0.0,0.0,0.0,1294.0,1294,1294,0.0,0.0,0.0,1294.0,1294,1294,0.0,0.0,0.0,0.0995950698852539,9.703636169433594e-05,0.19909310340881348,0.09949803352355957,0.009899858675055384,0.0,0.0,0.0,0.0,0.0,9.703636169433594e-05,9.703636169433594e-05,9.703636169433594e-05,0.0,0.0,0,3,0.0,1.0,0,0.0,1.0,1,2,0,0,0,0.3333333333333333,0.6666666666666666,0.0,0.0,0.0,0.9182958340544896,0.0,0.1991901397705078
QUIC_CONNECT1.pcap,172.16.0.44:41808->172.19.0.8:443,3,172.16.0.44,41808,172.19.0.8,443,3,3,0,3882,3882,0,1294.0,1294,1294,0.0,0.0,0.0,1294.0,1294,1294,0.0,0.0,0.0,0.0,0,0,0.0,0.0,0.0,0.10008096694946289,5.91278076171875e-05,0.2001028060913086,0.1000218391418457,0.010004368305317257,0.10008096694946289,5.91278076171875e-05,0.2001028060913086,0.1000218391418457,0.010004368305317257,0.0,0.0,0.0,0.0,0.0,0,3,0.0,1.0,0,0.0,1.0,3,0,0,0,0,1.0,0.0,0.0,0.0,0.0,0.0,0.0,0.20016193389892578
QUIC_CONNECT1.pcap,172.16.0.53:47658->172.19.0.8:443,3,172.16.0.53,47658,172.19.0.8,443,3,3,0,3882,3882,0,1294.0,1294,1294,0.0,0.0,0.0,1294.0,1294,1294,0.0,0.0,0.0,0.0,0,0,0.0,0.0,0.0,0.10041654109954834,6.198883056640625e-05,0.20077109336853027,0.10035455226898193,0.010071036161107827,0.10041654109954834,6.198883056640625e-05,0.20077109336853027,0.10035455226898193,0.010071036161107827,0.0,0.0,0.0,0.0,0.0,0,3,0.0,1.0,0,0.0,1.0,3,0,0,0,0,1.0,0.0,0.0,0.0,0.0,0.0,0.0,0.20083308219909668
QUIC_CONNECT1.pcap,172.16.0.62:42235->172.19.0.8:443,3,172.16.0.62,42235,172.19.0.8,443,3,3,0,3882,3882,0,1294.0,1294,1294,0.0,0.0,0.0,1294.0,1294,1294,0.0,0.0,0.0,0.0,0,0,0.0,0.0,0.0,0.10051393508911133,6.389617919921875e-05,0.20096397399902344,0.10045003890991211,0.010090210317002857,0.10051393508911133,6.389617919921875e-05,0.20096397399902344,0.10045003890991211,0.010090210317002857,0.0,0.0,0.0,0.0,0.0,0,3,0.0,1.0,0,0.0,1.0,3,0,0,0,0,1.0,0.0,0.0,0.0,0.0,0.0,0.0,0.20102787017822266
QUIC_CONNECT1.pcap,172.16.0.50:55167->172.19.0.8:443,3,172.16.0.50,55167,172.19.0.8,443,3,3,0,3882,3882,0,1294.0,1294,1294,0.0,0.0,0.0,1294.0,1294,1294,0.0,0.0,0.0,0.0,0,0,0.0,0.0,0.0,0.09071648120880127,0.0,0.18143296241760254,0.09071648120880127,0.008229479962906794,0.09071648120880127,0.0,0.18143296241760254,0.09071648120880127,0.008229479962906794,0.0,0.0,0.0,0.0,0.0,0,3,0.0,1.0,0,0.0,1.0,3,0,0,0,0,1.0,0.0,0.0,0.0,0.0,0.0,0.0,0.18143296241760254
QUIC_CONNECT1.pcap,172.16.0.59:59984->172.19.0.8:443,3,172.16.0.59,59984,172.19.0.8,443,3,3,0,3882,3882,0,1294.0,1294,1294,0.0,0.0,0.0,1294.0,1294,1294,0.0,0.0,0.0,0.0,0,0,0.0,0.0,0.0,0.09069454669952393,2.6226043701171875e-05,0.18136286735534668,0.09066832065582275,0.008220744370547095,0.09069454669952393,2.6226043701171875e-05,0.18136286735534668,0.09066832065582275,0.008220744370547095,0.0,0.0,0.0,0.0,0.0,0,3,0.0,1.0,0,0.0,1.0,3,0,0,0,0,1.0,0.0,0.0,0.0,0.0,0.0,0.0,0.18138909339904785
QUIC_CONNECT1.pcap,172.16.0.28:53789->172.19.0.8:443,3,172.16.0.28,53789,172.19.0.8,443,3,1,2,3882,1294,2588,1294.0,1294,1294,0.0,0.0,0.0,1294.0,1294,1294,0.0,0.0,0.0,1294.0,1294,1294,0.0,0.0,0.0,0.026713013648986816,0.00011587142944335938,0.05331015586853027,0.026597142219543457,0.000707407974246621,0.0,0.0,0.0,0.0,0.0,0.00011587142944335938,0.00011587142944335938,0.00011587142944335938,0.0,0.0,0,3,0.0,1.0,0,0.0,1.0,1,2,0,0,0,0.3333333333333333,0.6666666666666666,0.0,0.0,0.0,0.9182958340544896,0.0,0.05342602729797363
QUIC_CONNECT1.pcap,172.16.0.41:49471->172.19.0.8:443,3,172.16.0.41,49471,172.19.0.8,443,3,1,2,3882,1294,2588,1294.0,1294,1294,0.0,0.0,0.0,1294.0,1294,1294,0.0,0.0,0.0,1294.0,1294,1294,0.0,0.0,0.0,0.004638075828552246,0.000141143798828125,0.009135007858276367,0.004496932029724121,2.0222397679958704e-05,0.0,0.0,0.0,0.0,0.0,0.000141143798828125,0.000141143798828125,0.000141143798828125,0.0,0.0,0,3,0.0,1.0,0,0.0,1.0,1,2,0,0,0,0.3333333333333333,0.6666666666666666,0.0,0.0,0.0,0.9182958340544896,0.0,0.009276151657104492
QUIC_CONNECT1.pcap,172.16.0.48:53350->172.19.0.8:443,3,172.16.0.48,53350,172.19.0.8,443,3,1,2,3882,1294,2588,1294.0,1294,1294,0.0,0.0,0.0,1294.0,1294,1294,0.0,0.0,0.0,1294.0,1294,1294,0.0,0.0,0.0,0.006173491477966309,0.00015807151794433594,0.012188911437988281,0.006015419960021973,3.618527729543075e-05,0.0,0.0,0.0,0.0,0.0,0.00015807151794433594,0.00015807151794433594,0.00015807151794433594,0.0,0.0,0,3,0.0,1.0,0,0.0,1.0,1,2,0,0,0,0.3333333333333333,0.6666666666666666,0.0,0.0,0.0,0.9182958340544896,0.0,0.012346982955932617
QUIC_CONNECT1.pcap,172.16.0.30:37826->172.19.0.8:443,3,172.16.0.30,37826,172.19.0.8,443,3,1,2,3882,1294,2588,1294.0,1294,1294,0.0,0.0,0.0,1294.0,1294,1294,0.0,0.0,0.0,1294.0,1294,1294,0.0,0.0,0.0,0.004588007926940918,0.00012612342834472656,0.00904989242553711,0.004461884498596191,1.9908413278812986e-05,0.0,0.0,0.0,0.0,0.0,0.00012612342834472656,0.00012612342834472656,0.00012612342834472656,0.0,0.0,0,3,0.0,1.0,0,0.0,1.0,1,2,0,0,0,0.3333333333333333,0.6666666666666666,0.0,0.0,0.0,0.9182958340544896,0.0,0.009176015853881836
QUIC_CONNECT1.pcap,172.16.0.55:33992->172.19.0.8:443,3,172.16.0.55,33992,172.19.0.8,443,3,1,2,3882,1294,2588,1294.0,1294,1294,0.0,0.0,0.0,1294.0,1294,1294,0.0,0.0,0.0,1294.0,1294,1294,0.0,0.0,0.0,0.004588961601257324,9.512901306152344e-05,0.009082794189453125,0.004493832588195801,2.019453133073057e-05,0.0,0.0,0.0,0.0,0.0,9.512901306152344e-05,9.512901306152344e-05,9.512901306152344e-05,0.0,0.0,0,3,0.0,1.0,0,0.0,1.0,1,2,0,0,0,0.3333333333333333,0.6666666666666666,0.0,0.0,0.0,0.9182958340544896,0.0,0.009177923202514648
QUIC_CONNECT1.pcap,172.16.0.37:52980->172.19.0.8:443,3,172.16.0.37,52980,172.19.0.8,443,3,1,2,3882,1294,2588,1294.0,1294,1294,0.0,0.0,0.0,1294.0,1294,1294,0.0,0.0,0.0,1294.0,1294,1294,0.0,0.0,0.0,0.007269024848937988,0.0001590251922607422,0.014379024505615234,0.007109999656677246,5.055209511795056e-05,0.0,0.0,0.0,0.0,0.0,0.0001590251922607422,0.0001590251922607422,0.0001590251922607422,0.0,0.0,0,3,0.0,1.0,0,0.0,1.0,1,2,0,0,0,0.3333333333333333,0.6666666666666666,0.0,0.0,0.0,0.9182958340544896,0.0,0.014538049697875977
QUIC_CONNECT1.pcap,172.16.0.31:54416->172.19.0.8:443,3,172.16.0.31,54416,172.19.0.8,443,3,1,2,3882,1294,2588,1294.0,1294,1294,0.0,0.0,0.0,1294.0,1294,1294,0.0,0.0,0.0,1294.0,1294,1294,0.0,0.0,0.0,0.010688543319702148,0.0001220703125,0.021255016326904297,0.010566473007202148,0.00011165035181193161,0.0,0.0,0.0,0.0,0.0,0.0001220703125,0.0001220703125,0.0001220703125,0.0,0.0,0,3,0.0,1.0,0,0.0,1.0,1,2,0,0,0,0.3333333333333333,0.6666666666666666,0.0,0.0,0.0,0.9182958340544896,0.0,0.021377086639404297
QUIC_CONNECT1.pcap,172.16.0.26:53360->172.19.0.8:443,3,172.16.0.26,53360,172.19.0.8,443,3,1,2,3882,1294,2588,1294.0,1294,1294,0.0,0.0,0.0,1294.0,1294,1294,0.0,0.0,0.0,1294.0,1294,1294,0.0,0.0,0.0,0.005527019500732422,0.000102996826171875,0.010951042175292969,0.005424022674560547,2.9420021974146948e-05,0.0,0.0,0.0,0.0,0.0,0.000102996826171875,0.000102996826171875,0.000102996826171875,0.0,0.0,0,3,0.0,1.0,0,0.0,1.0,1,2,0,0,0,0.3333333333333333,0.6666666666666666,0.0,0.0,0.0,0.9182958340544896,0.0,0.011054039001464844
QUIC_CONNECT1.pcap,172.16.0.27:57936->172.19.0.8:443,3,172.16.0.27,57936,172.19.0.8,443,3,1,2,3882,1294,2588,1294.0,1294,1294,0.0,0.0,0.0,1294.0,1294,1294,0.0,0.0,0.0,1294.0,1294,1294,0.0,0.0,0.0,0.006564974784851074,0.00010395050048828125,0.013025999069213867,0.006461024284362793,4.174483480312574e-05,0.0,0.0,0.0,0.0,0.0,0.00010395050048828125,0.00010395050048828125,0.00010395050048828125,0.0,0.0,0,3,0.0,1.0,0,0.0,1.0,1,2,0,0,0,0.3333333333333333,0.6666666666666666,0.0,0.0,0.0,0.9182958340544896,0.0,0.013129949569702148
QUIC_CONNECT1.pcap,172.16.0.25:54357->172.19.0.8:443,3,172.16.0.25,54357,172.19.0.8,443,3,1,2,3882,1294,2588,1294.0,1294,1294,0.0,0.0,0.0,1294.0,1294,1294,0.0,0.0,0.0,1294.0,1294,1294,0.0,0.0,0.0,0.009059548377990723,0.00011205673217773438,0.01800704002380371,0.008947491645812988,8.005760675189322e-05,0.0,0.0,0.0,0.0,0.0,0.00011205673217773438,0.00011205673217773438,0.00011205673217773438,0.0,0.0,0,3,0.0,1.0,0,0.0,1.0,1,2,0,0,0,0.3333333333333333,0.6666666666666666,0.0,0.0,0.0,0.9182958340544896,0.0,0.018119096755981445
QUIC_CONNECT1.pcap,172.16.0.29:43577->172.19.0.8:443,3,172.16.0.29,43577,172.19.0.8,443,3,1,2,3882,1294,2588,1294.0,1294,1294,0.0,0.0,0.0,1294.0,1294,1294,0.0,0.0,0.0,1294.0,1294,1294,0.0,0.0,0.0,0.0121229887008667,9.894371032714844e-05,0.02414703369140625,0.01202404499053955,0.00014457765793451927,0.0,0.0,0.0,0.0,0.0,9.894371032714844e-05,9.894371032714844e-05,9.894371032714844e-05,0.0,0.0,0,3,0.0,1.0,0,0.0,1.0,1,2,0,0,0,0.3333333333333333,0.6666666666666666,0.0,0.0,0.0,0.9182958340544896,0.0,0.0242459774017334
QUIC_CONNECT1.pcap,172.16.0.58:44817->172.19.0.8:443,3,172.16.0.58,44817,172.19.0.8,443,3,1,2,3882,1294,2588,1294.0,1294,1294,0.0,0.0,0.0,1294.0,1294,1294,0.0,0.0,0.0,1294.0,1294,1294,0.0,0.0,0.0,0.004537463188171387,0.0001010894775390625,0.008973836898803711,0.004436373710632324,1.9681411700389617e-05,0.0,0.0,0.0,0.0,0.0,0.0001010894775390625,0.0001010894775390625,0.0001010894775390625,0.0,0.0,0,3,0.0,1.0,0,0.0,1.0,1,2,0,0,0,0.3333333333333333,0.6666666666666666,0.0,0.0,0.0,0.9182958340544896,0.0,0.009074926376342773
QUIC_CONNECT1.pcap,172.16.0.51:48015->172.19.0.8:443,3,172.16.0.51,48015,172.19.0.8,443,3,1,2,3882,1294,2588,1294.0,1294,1294,0.0,0.0,0.0,1294.0,1294,1294,0.0,0.0,0.0,1294.0,1294,1294,0.0,0.0,0.0,0.004359006881713867,0.00010180473327636719,0.008616209030151367,0.0042572021484375,1.8123770132660866e-05,0.0,0.0,0.0,0.0,0.0,0.00010180473327636719,0.00010180473327636719,0.00010180473327636719,0.0,0.0,0,3,0.0,1.0,0,0.0,1.0,1,2,0,0,0,0.3333333333333333,0.6666666666666666,0.0,0.0,0.0,0.9182958340544896,0.0,0.008718013763427734
QUIC_CONNECT1.pcap,172.16.0.49:44269->172.19.0.8:443,3,172.16.0.49,44269,172.19.0.8,443,3,1,2,3882,1294,2588,1294.0,1294,1294,0.0,0.0,0.0,1294.0,1294,1294,0.0,0.0,0.0,1294.0,1294,1294,0.0,0.0,0.0,0.004782915115356445,0.00010800361633300781,0.009457826614379883,0.0046749114990234375,2.1854797523701563e-05,0.0,0.0,0.0,0.0,0.0,0.00010800361633300781,0.00010800361633300781,0.00010800361633300781,0.0,0.0,0,3,0.0,1.0,0,0.0,1.0,1,2,0,0,0,0.3333333333333333,0.6666666666666666,0.0,0.0,0.0,0.9182958340544896,0.0,0.00956583023071289
QUIC_CONNECT1.pcap,172.16.0.53:41038->172.19.0.8:443,3,172.16.0.53,41038,172.19.0.8,443,3,1,2,3882,1294,2588,1294.0,1294,1294,0.0,0.0,0.0,1294.0,1294,1294,0.0,0.0,0.0,1294.0,1294,1294,0.0,0.0,0.0,0.00977790355682373,0.00010180473327636719,0.019454002380371094,0.009676098823547363,9.362688844305467e-05,0.0,0.0,0.0,0.0,0.0,0.00010180473327636719,0.00010180473327636719,0.00010180473327636719,0.0,0.0,0,3,0.0,1.0,0,0.0,1.0,1,2,0,0,0,0.3333333333333333,0.6666666666666666,0.0,0.0,0.0,0.9182958340544896,0.0,0.01955580711364746
QUIC_CONNECT1.pcap,172.16.0.42:37069->172.19.0.8:443,3,172.16.0.42,37069,172.19.0.8,443,3,1,2,3882,1294,2588,1294.0,1294,1294,0.0,0.0,0.0,1294.0,1294,1294,0.0,0.0,0.0,1294.0,1294,1294,0.0,0.0,0.0,0.013760566711425781,0.0001010894775390625,0.0274200439453125,0.013659477233886719,0.00018658131830306957,0.0,0.0,0.0,0.0,0.0,0.0001010894775390625,0.0001010894775390625,0.0001010894775390625,0.0,0.0,0,3,0.0,1.0,0,0.0,1.0,1,2,0,0,0,0.3333333333333333,0.6666666666666666,0.0,0.0,0.0,0.9182958340544896,0.0,0.027521133422851562
QUIC_CONNECT1.pcap,172.16.0.38:50157->172.19.0.8:443,3,172.16.0.38,50157,172.19.0.8,443,3,1,2,3882,1294,2588,1294.0,1294,1294,0.0,0.0,0.0,1294.0,1294,1294,0.0,0.0,0.0,1294.0,1294,1294,0.0,0.0,0.0,0.018495559692382812,0.00010013580322265625,0.03689098358154297,0.018395423889160156,0.00033839162006188417,0.0,0.0,0.0,0.0,0.0,0.00010013580322265625,0.00010013580322265625,0.00010013580322265625,0.0,0.0,0,3,0.0,1.0,0,0.0,1.0,1,2,0,0,0,0.3333333333333333,0.6666666666666666,0.0,0.0,0.0,0.9182958340544896,0.0,0.036991119384765625
QUIC_CONNECT1.pcap,172.16.0.57:32904->172.19.0.8:443,3,172.16.0.57,32904,172.19.0.8,443,3,1,2,3882,1294,2588,1294.0,1294,1294,0.0,0.0,0.0,1294.0,1294,1294,0.0,0.0,0.0,1294.0,1294,1294,0.0,0.0,0.0,0.022249460220336914,9.298324584960938e-05,0.04440593719482422,0.022156476974487305,0.0004909094719209861,0.0,0.0,0.0,0.0,0.0,9.298324584960938e-05,9.298324584960938e-05,9.298324584960938e-05,0.0,0.0,0,3,0.0,1.0,0,0.0,1.0,1,2,0,0,0,0.3333333333333333,0.6666666666666666,0.0,0.0,0.0,0.9182958340544896,0.0,0.04449892044067383
QUIC_CONNECT1.pcap,172.16.0.44:54457->172.19.0.8:443,3,172.16.0.44,54457,172.19.0.8,443,3,1,2,3882,1294,2588,1294.0,1294,1294,0.0,0.0,0.0,1294.0,1294,1294,0.0,0.0,0.0,1294.0,1294,1294,0.0,0.0,0.0,0.022503018379211426,0.00010991096496582031,0.04489612579345703,0.022393107414245605,0.0005014512596659415,0.0,0.0,0.0,0.0,0.0,0.00010991096496582031,0.00010991096496582031,0.00010991096496582031,0.0,0.0,0,3,0.0,1.0,0,0.0,1.0,1,2,0,0,0,0.3333333333333333,0.6666666666666666,0.0,0.0,0.0,0.9182958340544896,0.0,0.04500603675842285
QUIC_CONNECT1.pcap,172.16.0.59:46038->172.19.0.8:443,3,172.16.0.59,46038,172.19.0.8,443,3,3,0,2682,2682,0,894.0,94,1294,565.685424949238,320000.0,0.6327577460282304,894.0,94,1294,565.685424949238,320000.0,0.6327577460282304,0.0,0,0,0.0,0.0,0.0,0.026214003562927246,1.3113021850585938e-05,0.052414894104003906,0.02620089054107666,0.0006864866651454804,0.026214003562927246,1.3113021850585938e-05,0.052414894104003906,0.02620089054107666,0.0006864866651454804,0.0,0.0,0.0,0.0,0.0,0,3,0.0,1.0,0,0.0,1.0,2,1,0,0,0,0.6666666666666666,0.3333333333333333,0.0,0.0,0.0,0.0,0.9182958340544896,0.05242800712585449
QUIC_CONNECT1.pcap,172.16.0.54:60016->172.19.0.8:443,3,172.16.0.54,60016,172.19.0.8,443,3,1,2,3882,1294,2588,1294.0,1294,1294,0.0,0.0,0.0,1294.0,1294,1294,0.0,0.0,0.0,1294.0,1294,1294,0.0,0.0,0.0,0.02923750877380371,0.00010204315185546875,0.05837297439575195,0.029135465621948242,0.0008488753570077279,0.0,0.0,0.0,0.0,0.0,0.00010204315185546875,0.00010204315185546875,0.00010204315185546875,0.0,0.0,0,3,0.0,1.0,0,0.0,1.0,1,2,0,0,0,0.3333333333333333,0.6666666666666666,0.0,0.0,0.0,0.9182958340544896,0.0,0.05847501754760742
QUIC_CONNECT1.pcap,172.16.0.46:37860->172.19.0.8:443,3,172.16.0.46,37860,172.19.0.8,443,3,1,2,3882,1294,2588,1294.0,1294,1294,0.0,0.0,0.0,1294.0,1294,1294,0.0,0.0,0.0,1294.0,1294,1294,0.0,0.0,0.0,0.03329598903656006,9.393692016601562e-05,0.0664980411529541,0.03320205211639404,0.0011023762647397461,0.0,0.0,0.0,0.0,0.0,9.393692016601562e-05,9.393692016601562e-05,9.393692016601562e-05,0.0,0.0,0,3,0.0,1.0,0,0.0,1.0,1,2,0,0,0,0.3333333333333333,0.6666666666666666,0.0,0.0,0.0,0.9182958340544896,0.0,0.06659197807312012
QUIC_CONNECT1.pcap,172.16.0.56:58954->172.19.0.8:443,3,172.16.0.56,58954,172.19.0.8,443,3,1,2,3882,1294,2588,1294.0,1294,1294,0.0,0.0,0.0,1294.0,1294,1294,0.0,0.0,0.0,1294.0,1294,1294,0.0,0.0,0.0,0.036399006843566895,0.00010609626770019531,0.0726919174194336,0.0362929105758667,0.001317175358067857,0.0,0.0,0.0,0.0,0.0,0.00010609626770019531,0.00010609626770019531,0.00010609626770019531,0.0,0.0,0,3,0.0,1.0,0,0.0,1.0,1,2,0,0,0,0.3333333333333333,0.6666666666666666,0.0,0.0,0.0,0.9182958340544896,0.0,0.07279801368713379
QUIC_CONNECT1.pcap,172.16.0.40:51559->172.19.0.8:443,3,172.16.0.40,51559,172.19.0.8,443,3,1,2,3882,1294,2588,1294.0,1294,1294,0.0,0.0,0.0,1294.0,1294,1294,0.0,0.0,0.0,1294.0,1294,1294,0.0,0.0,0.0,0.03996741771697998,0.000102996826171875,0.07983183860778809,0.039864420890808105,0.0015891720529594977,0.0,0.0,0.0,0.0,0.0,0.000102996826171875,0.000102996826171875,0.000102996826171875,0.0,0.0,0,3,0.0,1.0,0,0.0,1.0,1,2,0,0,0,0.3333333333333333,0.6666666666666666,0.0,0.0,0.0,0.9182958340544896,0.0,0.07993483543395996
QUIC_CONNECT1.pcap,172.16.0.47:58456->172.19.0.8:443,3,172.16.0.47,58456,172.19.0.8,443,3,1,2,3882,1294,2588,1294.0,1294,1294,0.0,0.0,0.0,1294.0,1294,1294,0.0,0.0,0.0,1294.0,1294,1294,0.0,0.0,0.0,0.039644479751586914,9.584426879882812e-05,0.079193115234375,0.039548635482788086,0.0015640945685504448,0.0,0.0,0.0,0.0,0.0,9.584426879882812e-05,9.584426879882812e-05,9.584426879882812e-05,0.0,0.0,0,3,0.0,1.0,0,0.0,1.0,1,2,0,0,0,0.3333333333333333,0.6666666666666666,0.0,0.0,0.0,0.9182958340544896,0.0,0.07928895950317383
QUIC_CONNECT1.pcap,172.16.0.36:57881->172.19.0.8:443,3,172.16.0.36,57881,172.19.0.8,443,3,1,2,3882,1294,2588,1294.0,1294,1294,0.0,0.0,0.0,1294.0,1294,1294,0.0,0.0,0.0,1294.0,1294,1294,0.0,0.0,0.0,0.043715476989746094,0.00015115737915039062,0.0872797966003418,0.0435643196105957,0.0018978499431341334,0.0,0.0,0.0,0.0,0.0,0.00015115737915039062,0.00015115737915039062,0.00015115737915039062,0.0,0.0,0,3,0.0,1.0,0,0.0,1.0,1,2,0,0,0,0.3333333333333333,0.6666666666666666,0.0,0.0,0.0,0.9182958340544896,0.0,0.08743095397949219
QUIC_CONNECT1.pcap,172.16.0.39:55223->172.19.0.8:443,3,172.16.0.39,55223,172.19.0.8,443,3,1,2,3882,1294,2588,1294.0,1294,1294,0.0,0.0,0.0,1294.0,1294,1294,0.0,0.0,0.0,1294.0,1294,1294,0.0,0.0,0.0,0.04747045040130615,0.0001010894775390625,0.09483981132507324,0.04736936092376709,0.0022438563543261125,0.0,0.0,0.0,0.0,0.0,0.0001010894775390625,0.0001010894775390625,0.0001010894775390625,0.0,0.0,0,3,0.0,1.0,0,0.0,1.0,1,2,0,0,0,0.3333333333333333,0.6666666666666666,0.0,0.0,0.0,0.9182958340544896,0.0,0.0949409008026123
QUIC_CONNECT1.pcap,172.16.0.34:39907->172.19.0.8:443,3,172.16.0.34,39907,172.19.0.8,443,3,1,2,3882,1294,2588,1294.0,1294,1294,0.0,0.0,0.0,1294.0,1294,1294,0.0,0.0,0.0,1294.0,1294,1294,0.0,0.0,0.0,0.05145597457885742,8.988380432128906e-05,0.10282206535339355,0.05136609077453613,0.002638475281457886,0.0,0.0,0.0,0.0,0.0,8.988380432128906e-05,8.988380432128906e-05,8.988380432128906e-05,0.0,0.0,0,3,0.0,1.0,0,0.0,1.0,1,2,0,0,0,0.3333333333333333,0.6666666666666666,0.0,0.0,0.0,0.9182958340544896,0.0,0.10291194915771484
QUIC_CONNECT1.pcap,172.16.0.43:44424->172.19.0.8:443,3,172.16.0.43,44424,172.19.0.8,443,3,1,2,3882,1294,2588,1294.0,1294,1294,0.0,0.0,0.0,1294.0,1294,1294,0.0,0.0,0.0,1294.0,1294,1294,0.0,0.0,0.0,0.05492699146270752,0.0001239776611328125,0.10973000526428223,0.05480301380157471,0.003003370321735588,0.0,0.0,0.0,0.0,0.0,0.0001239776611328125,0.0001239776611328125,0.0001239776611328125,0.0,0.0,0,3,0.0,1.0,0,0.0,1.0,1,2,0,0,0,0.3333333333333333,0.6666666666666666,0.0,0.0,0.0,0.9182958340544896,0.0,0.10985398292541504
QUIC_CONNECT1.pcap,172.16.0.33:36587->172.19.0.8:443,3,172.16.0.33,36587,172.19.0.8,443,3,1,2,3882,1294,2588,1294.0,1294,1294,0.0,0.0,0.0,1294.0,1294,1294,0.0,0.0,0.0,1294.0,1294,1294,0.0,0.0,0.0,0.05878090858459473,0.00010180473327636719,0.11746001243591309,0.05867910385131836,0.003443237228793805,0.0,0.0,0.0,0.0,0.0,0.00010180473327636719,0.00010180473327636719,0.00010180473327636719,0.0,0.0,0,3,0.0,1.0,0,0.0,1.0,1,2,0,0,0,0.3333333333333333,0.6666666666666666,0.0,0.0,0.0,0.9182958340544896,0.0,0.11756181716918945
QUIC_CONNECT1.pcap,172.16.0.60:56709->172.19.0.8:443,3,172.16.0.60,56709,172.19.0.8,443,3,1,2,3882,1294,2588,1294.0,1294,1294,0.0,0.0,0.0,1294.0,1294,1294,0.0,0.0,0.0,1294.0,1294,1294,0.0,0.0,0.0,0.06214141845703125,9.894371032714844e-05,0.12418389320373535,0.0620424747467041,0.003849268672695416,0.0,0.0,0.0,0.0,0.0,9.894371032714844e-05,9.894371032714844e-05,9.894371032714844e-05,0.0,0.0,0,3,0.0,1.0,0,0.0,1.0,1,2,0,0,0,0.3333333333333333,0.6666666666666666,0.0,0.0,0.0,0.9182958340544896,0.0,0.1242828369140625
QUIC_CONNECT1.pcap,172.16.0.50:37141->172.19.0.8:443,3,172.16.0.50,37141,172.19.0.8,443,3,1,2,3882,1294,2588,1294.0,1294,1294,0.0,0.0,0.0,1294.0,1294,1294,0.0,0.0,0.0,1294.0,1294,1294,0.0,0.0,0.0,0.0633465051651001,0.00010013580322265625,0.12659287452697754,0.06324636936187744,0.0040001032374590295,0.0,0.0,0.0,0.0,0.0,0.00010013580322265625,0.00010013580322265625,0.00010013580322265625,0.0,0.0,0,3,0.0,1.0,0,0.0,1.0,1,2,0,0,0,0.3333333333333333,0.6666666666666666,0.0,0.0,0.0,0.9182958340544896,0.0,0.1266930103302002
QUIC_CONNECT1.pcap,172.16.0.63:46688->172.19.0.8:443,3,172.16.0.63,46688,172.19.0.8,443,3,1,2,3882,1294,2588,1294.0,1294,1294,0.0,0.0,0.0,1294.0,1294,1294,0.0,0.0,0.0,1294.0,1294,1294,0.0,0.0,0.0,0.06652653217315674,8.916854858398438e-05,0.1329638957977295,0.06643736362457275,0.004413923285383703,0.0,0.0,0.0,0.0,0.0,8.916854858398438e-05,8.916854858398438e-05,8.916854858398438e-05,0.0,0.0,0,3,0.0,1.0,0,0.0,1.0,1,2,0,0,0,0.3333333333333333,0.6666666666666666,0.0,0.0,0.0,0.9182958340544896,0.0,0.13305306434631348
QUIC_CONNECT1.pcap,172.16.0.61:46217->172.19.0.8:443,3,172.16.0.61,46217,172.19.0.8,443,3,1,2,3882,1294,2588,1294.0,1294,1294,0.0,0.0,0.0,1294.0,1294,1294,0.0,0.0,0.0,1294.0,1294,1294,0.0,0.0,0.0,0.0705254077911377,0.00011181831359863281,0.14093899726867676,0.07041358947753906,0.0049580735831114,0.0,0.0,0.0,0.0,0.0,0.00011181831359863281,0.00011181831359863281,0.00011181831359863281,0.0,0.0,0,3,0.0,1.0,0,0.0,1.0,1,2,0,0,0,0.3333333333333333,0.6666666666666666,0.0,0.0,0.0,0.9182958340544896,0.0,0.1410508155822754
QUIC_CONNECT1.pcap,172.16.0.28:35893->172.19.0.8:443,3,172.16.0.28,35893,172.19.0.8,443,3,1,2,3882,1294,2588,1294.0,1294,1294,0.0,0.0,0.0,1294.0,1294,1294,0.0,0.0,0.0,1294.0,1294,1294,0.0,0.0,0.0,0.004431009292602539,9.202957153320312e-05,0.008769989013671875,0.004338979721069336,1.8826745019850932e-05,0.0,0.0,0.0,0.0,0.0,9.202957153320312e-05,9.202957153320312e-05,9.202957153320312e-05,0.0,0.0,0,3,0.0,1.0,0,0.0,1.0,1,2,0,0,0,0.3333333333333333,0.6666666666666666,0.0,0.0,0.0,0.9182958340544896,0.0,0.008862018585205078
QUIC_CONNECT1.pcap,172.16.0.52:51870->172.19.0.8:443,3,172.16.0.52,51870,172.19.0.8,443,3,1,2,3882,1294,2588,1294.0,1294,1294,0.0,0.0,0.0,1294.0,1294,1294,0.0,0.0,0.0,1294.0,1294,1294,0.0,0.0,0.0,0.0048340559005737305,9.202957153320312e-05,0.009576082229614258,0.004742026329040527,2.248681370531358e-05,0.0,0.0,0.0,0.0,0.0,9.202957153320312e-05,9.202957153320312e-05,9.202957153320312e-05,0.0,0.0,0,3,0.0,1.0,0,0.0,1.0,1,2,0,0,0,0.3333333333333333,0.6666666666666666,0.0,0.0,0.0,0.9182958340544896,0.0,0.009668111801147461
QUIC_CONNECT1.pcap,172.16.0.62:45626->172.19.0.8:443,3,172.16.0.62,45626,172.19.0.8,443,3,1,2,3882,1294,2588,1294.0,1294,1294,0.0,0.0,0.0,1294.0,1294,1294,0.0,0.0,0.0,1294.0,1294,1294,0.0,0.0,0.0,0.005298972129821777,0.00011491775512695312,0.010483026504516602,0.005184054374694824,2.6874419759792545e-05,0.0,0.0,0.0,0.0,0.0,0.00011491775512695312,0.00011491775512695312,0.00011491775512695312,0.0,0.0,0,3,0.0,1.0,0,0.0,1.0,1,2,0,0,0,0.3333333333333333,0.6666666666666666,0.0,0.0,0.0,0.9182958340544896,0.0,0.010597944259643555
QUIC_CONNECT1.pcap,172.16.0.32:38879->172.19.0.8:443,3,172.16.0.32,38879,172.19.0.8,443,3,3,0,3882,3882,0,1294.0,1294,1294,0.0,0.0,0.0,1294.0,1294,1294,0.0,0.0,0.0,0.0,0,0,0.0,0.0,0.0,1.895427703857422e-05,0.0,3.790855407714844e-05,1.895427703857422e-05,3.5926461805502186e-10,1.895427703857422e-05,0.0,3.790855407714844e-05,1.895427703857422e-05,3.5926461805502186e-10,0.0,0.0,0.0,0.0,0.0,0,3,0.0,1.0,0,0.0,1.0,3,0,0,0,0,1.0,0.0,0.0,0.0,0.0,0.0,0.0,3.790855407714844e-05
QUIC_CONNECT1.pcap,172.16.0.24:55179->172.19.0.8:443,3,172.16.0.24,55179,172.19.0.8,443,3,1,2,3882,1294,2588,1294.0,1294,1294,0.0,0.0,0.0,1294.0,1294,1294,0.0,0.0,0.0,1294.0,1294,1294,0.0,0.0,0.0,0.005404949188232422,0.00013709068298339844,0.010672807693481445,0.0052678585052490234,2.7750333231324475e-05,0.0,0.0,0.0,0.0,0.0,0.00013709068298339844,0.00013709068298339844,0.00013709068298339844,0.0,0.0,0,3,0.0,1.0,0,0.0,1.0,1,2,0,0,0,0.3333333333333333,0.6666666666666666,0.0,0.0,0.0,0.9182958340544896,0.0,0.010809898376464844
QUIC_CONNECT1.pcap,172.16.0.45:39042->172.19.0.8:443,3,172.16.0.45,39042,172.19.0.8,443,3,3,0,3882,3882,0,1294.0,1294,1294,0.0,0.0,0.0,1294.0,1294,1294,0.0,0.0,0.0,0.0,0,0,0.0,0.0,0.0,0.0,0.0,0.0,0.0,0.0,0.0,0.0,0.0,0.0,0.0,0.0,0.0,0.0,0.0,0.0,0,3,0.0,1.0,0,0.0,1.0,3,0,0,0,0,1.0,0.0,0.0,0.0,0.0,0.0,0.0,0.0
QUIC_CONNECT1.pcap,172.16.0.41:38849->172.19.0.8:443,3,172.16.0.41,38849,172.19.0.8,443,3,1,2,3882,1294,2588,1294.0,1294,1294,0.0,0.0,0.0,1294.0,1294,1294,0.0,0.0,0.0,1294.0,1294,1294,0.0,0.0,0.0,0.006598472595214844,9.202957153320312e-05,0.013104915618896484,0.006506443023681641,4.233380082041549e-05,0.0,0.0,0.0,0.0,0.0,9.202957153320312e-05,9.202957153320312e-05,9.202957153320312e-05,0.0,0.0,0,3,0.0,1.0,0,0.0,1.0,1,2,0,0,0,0.3333333333333333,0.6666666666666666,0.0,0.0,0.0,0.9182958340544896,0.0,0.013196945190429688
QUIC_CONNECT1.pcap,172.16.0.48:33985->172.19.0.8:443,3,172.16.0.48,33985,172.19.0.8,443,3,1,2,3882,1294,2588,1294.0,1294,1294,0.0,0.0,0.0,1294.0,1294,1294,0.0,0.0,0.0,1294.0,1294,1294,0.0,0.0,0.0,0.004994988441467285,9.894371032714844e-05,0.009891033172607422,0.004896044731140137,2.3971254009325094e-05,0.0,0.0,0.0,0.0,0.0,9.894371032714844e-05,9.894371032714844e-05,9.894371032714844e-05,0.0,0.0,0,3,0.0,1.0,0,0.0,1.0,1,2,0,0,0,0.3333333333333333,0.6666666666666666,0.0,0.0,0.0,0.9182958340544896,0.0,0.00998997688293457
QUIC_CONNECT1.pcap,172.16.0.37:36194->172.19.0.8:443,3,172.16.0.37,36194,172.19.0.8,443,3,1,2,3882,1294,2588,1294.0,1294,1294,0.0,0.0,0.0,1294.0,1294,1294,0.0,0.0,0.0,1294.0,1294,1294,0.0,0.0,0.0,0.009694933891296387,9.298324584960938e-05,0.019296884536743164,0.009601950645446777,9.219745619759578e-05,0.0,0.0,0.0,0.0,0.0,9.298324584960938e-05,9.298324584960938e-05,9.298324584960938e-05,0.0,0.0,0,3,0.0,1.0,0,0.0,1.0,1,2,0,0,0,0.3333333333333333,0.6666666666666666,0.0,0.0,0.0,0.9182958340544896,0.0,0.019389867782592773
QUIC_CONNECT1.pcap,172.16.0.31:44159->172.19.0.8:443,3,172.16.0.31,44159,172.19.0.8,443,3,1,2,3882,1294,2588,1294.0,1294,1294,0.0,0.0,0.0,1294.0,1294,1294,0.0,0.0,0.0,1294.0,1294,1294,0.0,0.0,0.0,0.01161646842956543,0.000141143798828125,0.023091793060302734,0.011475324630737305,0.00013168307538080626,0.0,0.0,0.0,0.0,0.0,0.000141143798828125,0.000141143798828125,0.000141143798828125,0.0,0.0,0,3,0.0,1.0,0,0.0,1.0,1,2,0,0,0,0.3333333333333333,0.6666666666666666,0.0,0.0,0.0,0.9182958340544896,0.0,0.02323293685913086
QUIC_CONNECT1.pcap,172.16.0.55:58807->172.19.0.8:443,3,172.16.0.55,58807,172.19.0.8,443,3,2,1,3882,2588,1294,1294.0,1294,1294,0.0,0.0,0.0,1294.0,1294,1294,0.0,0.0,0.0,1294.0,1294,1294,0.0,0.0,0.0,0.004683971405029297,0.0003790855407714844,0.00898885726928711,0.0043048858642578125,1.8532042304286733e-05,0.009367942810058594,0.009367942810058594,0.009367942810058594,0.0,0.0,0.0,0.0,0.0,0.0,0.0,0,3,0.0,1.0,0,0.0,1.0,2,1,0,0,0,0.6666666666666666,0.3333333333333333,0.0,0.0,0.0,0.9182958340544896,0.0,0.009367942810058594
QUIC_CONNECT1.pcap,172.16.0.26:34895->172.19.0.8:443,3,172.16.0.26,34895,172.19.0.8,443,3,1,2,3882,1294,2588,1294.0,1294,1294,0.0,0.0,0.0,1294.0,1294,1294,0.0,0.0,0.0,1294.0,1294,1294,0.0,0.0,0.0,0.00693202018737793,0.00010800361633300781,0.013756036758422852,0.006824016571044922,4.656720216189569e-05,0.0,0.0,0.0,0.0,0.0,0.00010800361633300781,0.00010800361633300781,0.00010800361633300781,0.0,0.0,0,3,0.0,1.0,0,0.0,1.0,1,2,0,0,0,0.3333333333333333,0.6666666666666666,0.0,0.0,0.0,0.9182958340544896,0.0,0.01386404037475586
QUIC_CONNECT1.pcap,172.16.0.27:40670->172.19.0.8:443,3,172.16.0.27,40670,172.19.0.8,443,3,1,2,3882,1294,2588,1294.0,1294,1294,0.0,0.0,0.0,1294.0,1294,1294,0.0,0.0,0.0,1294.0,1294,1294,0.0,0.0,0.0,0.005193948745727539,0.0001800060272216797,0.010207891464233398,0.005013942718505859,2.5139621584457927e-05,0.0,0.0,0.0,0.0,0.0,0.0001800060272216797,0.0001800060272216797,0.0001800060272216797,0.0,0.0,0,3,0.0,1.0,0,0.0,1.0,1,2,0,0,0,0.3333333333333333,0.6666666666666666,0.0,0.0,0.0,0.9182958340544896,0.0,0.010387897491455078
QUIC_CONNECT1.pcap,172.16.0.25:33921->172.19.0.8:443,3,172.16.0.25,33921,172.19.0.8,443,3,1,2,3882,1294,2588,1294.0,1294,1294,0.0,0.0,0.0,1294.0,1294,1294,0.0,0.0,0.0,1294.0,1294,1294,0.0,0.0,0.0,0.008617043495178223,0.00010704994201660156,0.017127037048339844,0.008509993553161621,7.241999027485235e-05,0.0,0.0,0.0,0.0,0.0,0.00010704994201660156,0.00010704994201660156,0.00010704994201660156,0.0,0.0,0,3,0.0,1.0,0,0.0,1.0,1,2,0,0,0,0.3333333333333333,0.6666666666666666,0.0,0.0,0.0,0.9182958340544896,0.0,0.017234086990356445
QUIC_CONNECT1.pcap,172.16.0.51:35626->172.19.0.8:443,3,172.16.0.51,35626,172.19.0.8,443,3,1,2,3882,1294,2588,1294.0,1294,1294,0.0,0.0,0.0,1294.0,1294,1294,0.0,0.0,0.0,1294.0,1294,1294,0.0,0.0,0.0,0.005927920341491699,9.679794311523438e-05,0.011759042739868164,0.005831122398376465,3.4001988424847696e-05,0.0,0.0,0.0,0.0,0.0,9.679794311523438e-05,9.679794311523438e-05,9.679794311523438e-05,0.0,0.0,0,3,0.0,1.0,0,0.0,1.0,1,2,0,0,0,0.3333333333333333,0.6666666666666666,0.0,0.0,0.0,0.9182958340544896,0.0,0.011855840682983398
QUIC_CONNECT1.pcap,172.16.0.29:56924->172.19.0.8:443,3,172.16.0.29,56924,172.19.0.8,443,3,1,2,3882,1294,2588,1294.0,1294,1294,0.0,0.0,0.0,1294.0,1294,1294,0.0,0.0,0.0,1294.0,1294,1294,0.0,0.0,0.0,0.007262468338012695,0.00011491775512695312,0.014410018920898438,0.007147550582885742,5.108747933491031e-05,0.0,0.0,0.0,0.0,0.0,0.00011491775512695312,0.00011491775512695312,0.00011491775512695312,0.0,0.0,0,3,0.0,1.0,0,0.0,1.0,1,2,0,0,0,0.3333333333333333,0.6666666666666666,0.0,0.0,0.0,0.9182958340544896,0.0,0.01452493667602539
QUIC_CONNECT1.pcap,172.16.0.30:45821->172.19.0.8:443,3,172.16.0.30,45821,172.19.0.8,443,3,1,2,3882,1294,2588,1294.0,1294,1294,0.0,0.0,0.0,1294.0,1294,1294,0.0,0.0,0.0,1294.0,1294,1294,0.0,0.0,0.0,0.004431486129760742,0.00010395050048828125,0.008759021759033203,0.004327535629272461,1.8727564622622594e-05,0.0,0.0,0.0,0.0,0.0,0.00010395050048828125,0.00010395050048828125,0.00010395050048828125,0.0,0.0,0,3,0.0,1.0,0,0.0,1.0,1,2,0,0,0,0.3333333333333333,0.6666666666666666,0.0,0.0,0.0,0.9182958340544896,0.0,0.008862972259521484
QUIC_CONNECT1.pcap,172.16.0.58:54034->172.19.0.8:443,3,172.16.0.58,54034,172.19.0.8,443,3,1,2,3882,1294,2588,1294.0,1294,1294,0.0,0.0,0.0,1294.0,1294,1294,0.0,0.0,0.0,1294.0,1294,1294,0.0,0.0,0.0,0.004505515098571777,0.0001010894775390625,0.008909940719604492,0.004404425621032715,1.9398965051209416e-05,0.0,0.0,0.0,0.0,0.0,0.0001010894775390625,0.0001010894775390625,0.0001010894775390625,0.0,0.0,0,3,0.0,1.0,0,0.0,1.0,1,2,0,0,0,0.3333333333333333,0.6666666666666666,0.0,0.0,0.0,0.9182958340544896,0.0,0.009011030197143555
QUIC_CONNECT1.pcap,172.16.0.28:44693->172.19.0.8:443,3,172.16.0.28,44693,172.19.0.8,443,3,1,2,3882,1294,2588,1294.0,1294,1294,0.0,0.0,0.0,1294.0,1294,1294,0.0,0.0,0.0,1294.0,1294,1294,0.0,0.0,0.0,0.004784941673278809,0.00011682510375976562,0.009453058242797852,0.004668116569519043,2.1791312306618238e-05,0.0,0.0,0.0,0.0,0.0,0.00011682510375976562,0.00011682510375976562,0.00011682510375976562,0.0,0.0,0,3,0.0,1.0,0,0.0,1.0,1,2,0,0,0,0.3333333333333333,0.6666666666666666,0.0,0.0,0.0,0.9182958340544896,0.0,0.009569883346557617
QUIC_CONNECT1.pcap,172.16.0.51:46198->172.19.0.8:443,3,172.16.0.51,46198,172.19.0.8,443,3,1,2,3882,1294,2588,1294.0,1294,1294,0.0,0.0,0.0,1294.0,1294,1294,0.0,0.0,0.0,1294.0,1294,1294,0.0,0.0,0.0,0.004480481147766113,0.0001010894775390625,0.008859872817993164,0.004379391670227051,1.9179071401254078e-05,0.0,0.0,0.0,0.0,0.0,0.0001010894775390625,0.0001010894775390625,0.0001010894775390625,0.0,0.0,0,3,0.0,1.0,0,0.0,1.0,1,2,0,0,0,0.3333333333333333,0.6666666666666666,0.0,0.0,0.0,0.9182958340544896,0.0,0.008960962295532227
QUIC_CONNECT1.pcap,172.16.0.25:60919->172.19.0.8:443,3,172.16.0.25,60919,172.19.0.8,443,3,1,2,3882,1294,2588,1294.0,1294,1294,0.0,0.0,0.0,1294.0,1294,1294,0.0,0.0,0.0,1294.0,1294,1294,0.0,0.0,0.0,0.004459500312805176,9.799003601074219e-05,0.00882101058959961,0.004361510276794434,1.9022771894583457e-05,0.0,0.0,0.0,0.0,0.0,9.799003601074219e-05,9.799003601074219e-05,9.799003601074219e-05,0.0,0.0,0,3,0.0,1.0,0,0.0,1.0,1,2,0,0,0,0.3333333333333333,0.6666666666666666,0.0,0.0,0.0,0.9182958340544896,0.0,0.008919000625610352
QUIC_CONNECT1.pcap,172.16.0.27:50467->172.19.0.8:443,3,172.16.0.27,50467,172.19.0.8,443,3,1,2,3882,1294,2588,1294.0,1294,1294,0.0,0.0,0.0,1294.0,1294,1294,0.0,0.0,0.0,1294.0,1294,1294,0.0,0.0,0.0,0.004462480545043945,0.00010204315185546875,0.008822917938232422,0.0043604373931884766,1.9013414259916317e-05,0.0,0.0,0.0,0.0,0.0,0.00010204315185546875,0.00010204315185546875,0.00010204315185546875,0.0,0.0,0,3,0.0,1.0,0,0.0,1.0,1,2,0,0,0,0.3333333333333333,0.6666666666666666,0.0,0.0,0.0,0.9182958340544896,0.0,0.00892496109008789
QUIC_CONNECT1.pcap,172.16.0.51:50428->172.19.0.8:443,3,172.16.0.51,50428,172.19.0.8,443,3,1,2,3882,1294,2588,1294.0,1294,1294,0.0,0.0,0.0,1294.0,1294,1294,0.0,0.0,0.0,1294.0,1294,1294,0.0,0.0,0.0,0.004317045211791992,0.00010013580322265625,0.008533954620361328,0.004216909408569336,1.7782324960080587e-05,0.0,0.0,0.0,0.0,0.0,0.00010013580322265625,0.00010013580322265625,0.00010013580322265625,0.0,0.0,0,3,0.0,1.0,0,0.0,1.0,1,2,0,0,0,0.3333333333333333,0.6666666666666666,0.0,0.0,0.0,0.9182958340544896,0.0,0.008634090423583984
