file,flow_id,window_size,client_ip,client_port,server_ip,server_port,total_packets,outgoing_packets,incoming_packets,total_bytes,outgoing_bytes,incoming_bytes,packet_size_mean,packet_size_min,packet_size_max,packet_size_std,packet_size_var,packet_size_cv,packet_size_out_mean,packet_size_out_min,packet_size_out_max,packet_size_out_std,packet_size_out_var,packet_size_out_cv,packet_size_in_mean,packet_size_in_min,packet_size_in_max,packet_size_in_std,packet_size_in_var,packet_size_in_cv,iat_mean,iat_min,iat_max,iat_std,iat_var,iat_out_mean,iat_out_min,iat_out_max,iat_out_std,iat_out_var,iat_in_mean,iat_in_min,iat_in_max,iat_in_std,iat_in_var,short_header_count,long_header_count,short_header_ratio,long_header_ratio,spin_bit_count,spin_bit_ratio,no_spin_bit_ratio,initial_packets,handshake_packets,onertt_packets,zerortt_packets,retry_packets,initial_ratio,handshake_ratio,zerortt_ratio,onertt_ratio,retry_ratio,entropy_direction,entropy_packet_size,duration
QUIC_CONNECT5.pcap,172.16.0.46:59546->172.19.0.8:443,18,172.16.0.46,59546,172.19.0.8,443,18,10,8,6742,3357,3385,374.55555555555554,66,1294,495.1868583589008,245210.02469135806,1.322065181023467,335.7,87,1294,479.3166072649684,229744.40999999997,1.4278123540809307,423.125,66,1294,510.19198286037386,260295.859375,1.2057713036581952,0.027353889801922965,0.0,0.17763185501098633,0.04472352593845035,0.0020001937723672417,0.05166845851474338,0.0,0.17934894561767578,0.05350191160122303,0.0028624545449850835,0.06396801131112236,0.00011706352233886719,0.3509409427642822,0.11849626162129057,0.01404136401822134,4,14,0.2222222222222222,0.7777777777777778,0,0.0,1.0,2,12,4,0,0,0.1111111111111111,0.6666666666666666,0.0,0.2222222222222222,0.0,0.9910760598382222,2.2810361125534233,0.46501612663269043
QUIC_CONNECT5.pcap,172.16.0.59:45122->172.19.0.8:443,18,172.16.0.59,45122,172.19.0.8,443,18,10,8,6744,3356,3388,374.6666666666667,66,1294,495.21308544908214,245235.99999999994,1.3217431106292228,335.6,86,1294,479.368584702836,229794.24000000005,1.4283926838582717,423.5,66,1294,510.14287214465713,260245.75,1.2045876555954123,0.027042290743659523,0.0,0.13237500190734863,0.03952520915049283,0.0015622421583902024,0.051079882515801325,0.0,0.13237500190734863,0.045440545578009424,0.0020648431824271517,0.06300398281642369,0.00011801719665527344,0.34209489822387695,0.1146527448069517,0.01314525189176799,4,14,0.2222222222222222,0.7777777777777778,0,0.0,1.0,2,12,4,0,0,0.1111111111111111,0.6666666666666666,0.0,0.2222222222222222,0.0,0.9910760598382222,2.2810361125534233,0.4597189426422119
QUIC_CONNECT5.pcap,172.16.0.49:36138->172.19.0.8:443,18,172.16.0.49,36138,172.19.0.8,443,18,10,8,14027,5773,8254,779.2777777777778,88,1294,579.0944852435621,335350.4228395061,0.743116898437593,577.3,88,1294,585.3006150688722,342576.81,1.013858678449458,1031.75,100,1294,459.9798229270497,211581.4375,0.4458248828951294,0.026160001754760742,9.775161743164062e-06,0.2005629539489746,0.056019289962282205,0.003138160847878252,0.04695876439412435,9.775161743164062e-06,0.2005629539489746,0.07118595696835063,0.005067440469499867,0.03456401824951172,0.00011515617370605469,0.17695999145507812,0.061001294108114175,0.003721157882864645,2,16,0.1111111111111111,0.8888888888888888,0,0.0,1.0,4,12,2,0,0,0.2222222222222222,0.6666666666666666,0.0,0.1111111111111111,0.0,0.9910760598382222,1.879964948727111,0.4447200298309326
QUIC_CONNECT5.pcap,172.16.0.31:48797->172.19.0.8:443,18,172.16.0.31,48797,172.19.0.8,443,18,10,8,14026,5773,8253,779.2222222222222,88,1294,579.1318747876529,335393.72839506174,0.7432178629814454,577.3,88,1294,585.3006150688722,342576.81,1.013858678449458,1031.625,100,1294,460.1543049619334,211741.984375,0.44604803582884617,0.02613064822028665,0.0,0.20020794868469238,0.05418586145366954,0.0029361075814762706,0.04680622948540582,0.0,0.20020794868469238,0.06859442468710879,0.00470519509815544,0.03321729387555804,0.00010704994201660156,0.1647801399230957,0.056838176825390614,0.0032305783448343707,2,16,0.1111111111111111,0.8888888888888888,0,0.0,1.0,4,12,2,0,0,0.2222222222222222,0.6666666666666666,0.0,0.1111111111111111,0.0,0.9910760598382222,1.879964948727111,0.44422101974487305
QUIC_CONNECT5.pcap,172.16.0.53:34846->172.19.0.8:443,18,172.16.0.53,34846,172.19.0.8,443,18,10,8,14017,5773,8244,778.7222222222222,88,1294,579.4723467235377,335788.20061728393,0.7441322851554313,577.3,88,1294,585.3006150688722,342576.81,1.013858678449458,1030.5,100,1294,461.7323358830308,213196.75,0.44806631332657043,0.026166004293105182,1.1920928955078125e-05,0.20046496391296387,0.05363570134012427,0.0028767884582470084,0.04703699217902289,1.1920928955078125e-05,0.20046496391296387,0.0675282807120446,0.004560068695924694,0.03205030305044992,0.00010800361633300781,0.16073012351989746,0.05575769782685944,0.0031089208669513656,2,16,0.1111111111111111,0.8888888888888888,0,0.0,1.0,4,12,2,0,0,0.2222222222222222,0.6666666666666666,0.0,0.1111111111111111,0.0,0.9910760598382222,1.879964948727111,0.4448220729827881
QUIC_CONNECT5.pcap,172.16.0.62:55003->172.19.0.8:443,18,172.16.0.62,55003,172.19.0.8,443,18,10,8,14020,5773,8247,778.8888888888889,88,1294,579.3580632321421,335655.7654320987,0.7438263293993265,577.3,88,1294,585.3006150688722,342576.81,1.013858678449458,1030.875,100,1294,461.20479114488825,212709.859375,0.4473915762288233,0.02618094051585478,9.059906005859375e-06,0.20055198669433594,0.05283832751104493,0.002791888854164448,0.04712012079026964,9.059906005859375e-06,0.20055198669433594,0.06622904220826625,0.004386286031824314,0.030851568494524275,9.799003601074219e-05,0.15380191802978516,0.05351460185844158,0.0028638126120675185,2,16,0.1111111111111111,0.8888888888888888,0,0.0,1.0,4,12,2,0,0,0.2222222222222222,0.6666666666666666,0.0,0.1111111111111111,0.0,0.9910760598382222,1.879964948727111,0.44507598876953125
QUIC_CONNECT5.pcap,172.16.0.33:51068->172.19.0.8:443,18,172.16.0.33,51068,172.19.0.8,443,18,10,8,14023,5773,8250,779.0555555555555,88,1294,579.2445724315058,335524.274691358,0.7435215220542755,577.3,88,1294,585.3006150688722,342576.81,1.013858678449458,1031.25,100,1294,460.6787790858181,212224.9375,0.44671881608321756,0.0262299986446605,0.0,0.20056891441345215,0.05217184035559727,0.002721900926089928,0.04720187187194824,0.0,0.20056891441345215,0.06516645727717157,0.004246667154057427,0.02975743157523019,9.703636169433594e-05,0.1470041275024414,0.05140603523866738,0.0026425804589591127,2,16,0.1111111111111111,0.8888888888888888,0,0.0,1.0,4,12,2,0,0,0.2222222222222222,0.6666666666666666,0.0,0.1111111111111111,0.0,0.9910760598382222,1.879964948727111,0.4459099769592285
QUIC_CONNECT5.pcap,172.16.0.56:45146->172.19.0.8:443,18,172.16.0.56,45146,172.19.0.8,443,18,10,8,14023,5773,8250,779.0555555555555,88,1294,579.2445724315058,335524.274691358,0.7435215220542755,577.3,88,1294,585.3006150688722,342576.81,1.013858678449458,1031.25,100,1294,460.6787790858181,212224.9375,0.44671881608321756,0.026102767271154067,1.2874603271484375e-05,0.1993560791015625,0.050082557794900937,0.002508262595279593,0.0466965569390191,1.2874603271484375e-05,0.1993560791015625,0.06266112047828208,0.003926416019593782,0.027927705219813755,0.00011205673217773438,0.1261429786682129,0.043819532703086785,0.0019201514463168922,2,16,0.1111111111111111,0.8888888888888888,0,0.0,1.0,4,12,2,0,0,0.2222222222222222,0.6666666666666666,0.0,0.1111111111111111,0.0,0.9910760598382222,1.879964948727111,0.44374704360961914
QUIC_CONNECT5.pcap,172.16.0.40:34362->172.19.0.8:443,18,172.16.0.40,34362,172.19.0.8,443,18,9,9,13990,5679,8311,777.2222222222222,66,1294,581.3050027075626,337915.50617283944,0.7479263794664852,631.0,88,1294,593.1306770012827,351804.0,0.9399852250416525,923.4444444444445,66,1294,530.3443558693438,281265.1358024691,0.5743110579742623,0.027852170607622934,0.0,0.20055198669433594,0.05146692031501919,0.002648843886712535,0.05572187900543213,0.0,0.20055198669433594,0.06483597091443728,0.004203703124417757,0.027054131031036377,0.00011491775512695312,0.12905311584472656,0.04282798539929618,0.0018342363333623268,3,15,0.16666666666666666,0.8333333333333334,0,0.0,1.0,4,11,3,0,0,0.2222222222222222,0.6111111111111112,0.0,0.16666666666666666,0.0,1.0,2.0602489763846963,0.47348690032958984
QUIC_CONNECT5.pcap,172.16.0.42:50194->172.19.0.8:443,18,172.16.0.42,50194,172.19.0.8,443,18,10,8,14024,5773,8251,779.1111111111111,88,1294,579.2069183987599,335480.65432098764,0.7434201747844893,577.3,88,1294,585.3006150688722,342576.81,1.013858678449458,1031.375,100,1294,460.50378323635954,212063.734375,0.44649500253192054,0.026121111477122587,0.0,0.20007085800170898,0.0497187280574798,0.0024719519196536293,0.046832111146714955,0.0,0.20007085800170898,0.06185838706325897,0.0038264600500679644,0.025467566081455777,0.00013399124145507812,0.11195087432861328,0.03939177110423667,0.0015517116307285747,2,16,0.1111111111111111,0.8888888888888888,0,0.0,1.0,4,12,2,0,0,0.2222222222222222,0.6666666666666666,0.0,0.1111111111111111,0.0,0.9910760598382222,1.879964948727111,0.444058895111084
QUIC_CONNECT5.pcap,172.16.0.38:33280->172.19.0.8:443,18,172.16.0.38,33280,172.19.0.8,443,18,10,8,11563,5765,5798,642.3888888888889,66,1294,586.3457587170151,343801.3487654321,0.9127582510513077,576.5,86,1294,585.9657413194051,343355.85,1.01641932579255,724.75,66,1294,576.3229888699565,332148.1875,0.7952024682579599,0.5539067633011762,1.3113021850585938e-05,8.94569993019104,2.0985395415073596,4.403868207269919,0.0523016717698839,1.3113021850585938e-05,0.20001888275146484,0.060338731782633104,0.0036407625531365384,1.3033078398023332,0.000125885009765625,8.946001052856445,3.1202760912895084,9.736122885872934,5,13,0.2777777777777778,0.7222222222222222,0,0.0,1.0,4,9,5,0,0,0.2222222222222222,0.5,0.0,0.2777777777777778,0.0,0.9910760598382222,2.30827083453526,9.416414976119995
QUIC_CONNECT5.pcap,172.16.0.30:56125->172.19.0.8:443,18,172.16.0.30,56125,172.19.0.8,443,18,12,6,11783,8601,3182,654.6111111111111,66,1444,604.1714380399076,365023.1265432099,0.9229471174334496,716.75,87,1444,620.5041129329173,385025.3541666667,0.8657190274613427,530.3333333333334,66,1294,549.4098854427559,301851.2222222222,1.0359708713565479,0.033896712695851046,2.9087066650390625e-05,0.20061802864074707,0.06685715047591999,0.004469878569759808,0.0523858287117698,2.9087066650390625e-05,0.20061802864074707,0.07715764987637803,0.00595330293444574,0.05157580375671387,0.00010609626770019531,0.2040419578552246,0.07699169852367403,0.0059277216415603105,7,11,0.3888888888888889,0.6111111111111112,0,0.0,1.0,4,7,7,0,0,0.2222222222222222,0.3888888888888889,0.0,0.3888888888888889,0.0,0.9182958340544896,2.8218881955261783,0.5762441158294678
QUIC_CONNECT5.pcap,172.16.0.47:51971->172.19.0.8:443,18,172.16.0.47,51971,172.19.0.8,443,18,12,6,11778,8601,3177,654.3333333333334,66,1444,604.3070411636786,365186.99999999994,0.9235461658130595,716.75,87,1444,620.5041129329173,385025.3541666667,0.8657190274613427,529.5,66,1294,549.668309073754,302135.25,1.0380893466926422,0.035748888464534986,0.0,0.20063209533691406,0.06708089085375527,0.004499845917733427,0.05524828217246316,0.0,0.20063209533691406,0.07675506857043035,0.005891340551251465,0.056166982650756835,0.00011801719665527344,0.2269740104675293,0.08608145088043848,0.007410016185681342,7,11,0.3888888888888889,0.6111111111111112,0,0.0,1.0,4,7,7,0,0,0.2222222222222222,0.3888888888888889,0.0,0.3888888888888889,0.0,0.9182958340544896,2.8218881955261783,0.6077311038970947
QUIC_CONNECT5.pcap,172.16.0.46:54046->172.19.0.8:443,18,172.16.0.46,54046,172.19.0.8,443,18,10,8,6745,3356,3389,374.72222222222223,66,1294,495.2112686695286,245234.200617284,1.3215423033434417,335.6,86,1294,479.368584702836,229794.24000000005,1.4283926838582717,423.625,66,1294,510.1269296704498,260229.484375,1.2041945816947768,0.026454757241641775,0.0,0.14239287376403809,0.04427281944570258,0.00196008254167178,0.04997009701199002,0.0,0.14239287376403809,0.05264065452037283,0.0027710385083332487,0.06086271149771554,9.703636169433594e-05,0.35005807876586914,0.11855239932517539,0.014054671385755847,4,14,0.2222222222222222,0.7777777777777778,0,0.0,1.0,2,12,4,0,0,0.1111111111111111,0.6666666666666666,0.0,0.2222222222222222,0.0,0.9910760598382222,2.2810361125534233,0.44973087310791016
QUIC_CONNECT5.pcap,172.16.0.34:47551->172.19.0.8:443,18,172.16.0.34,47551,172.19.0.8,443,18,10,8,6740,3357,3383,374.44444444444446,66,1294,495.1914581724059,245214.5802469136,1.322469769599897,335.7,87,1294,479.3166072649684,229744.40999999997,1.4278123540809307,422.875,66,1294,510.2257925418902,260330.359375,1.2065640970544256,0.02632017696605009,0.0,0.17145299911499023,0.042939276355344544,0.001843781453920651,0.049715889824761286,0.0,0.17145299911499023,0.0503437473734383,0.0025344928996005756,0.060030426297869,9.894371032714844e-05,0.3419201374053955,0.11557378551356755,0.013357299897936117,4,14,0.2222222222222222,0.7777777777777778,0,0.0,1.0,2,12,4,0,0,0.1111111111111111,0.6666666666666666,0.0,0.2222222222222222,0.0,0.9910760598382222,2.2810361125534233,0.44744300842285156
QUIC_CONNECT5.pcap,172.16.0.43:54386->172.19.0.8:443,18,172.16.0.43,54386,172.19.0.8,443,18,10,8,13703,5773,7930,761.2777777777778,66,1294,595.7116943954569,354872.42283950624,0.7825155439771017,577.3,88,1294,585.3006150688722,342576.81,1.013858678449458,991.25,66,1294,524.4472685599574,275044.9375,0.529076689593904,0.026203127468333524,5.0067901611328125e-06,0.19610810279846191,0.05781105466413002,0.0033421180413790294,0.04507366816202799,5.0067901611328125e-06,0.19610810279846191,0.07453709185858098,0.005555778062734541,0.03516415187290737,9.417533874511719e-05,0.17256593704223633,0.05839411620294025,0.003409872807122489,3,15,0.16666666666666666,0.8333333333333334,0,0.0,1.0,4,11,3,0,0,0.2222222222222222,0.6111111111111112,0.0,0.16666666666666666,0.0,0.9910760598382222,1.879964948727111,0.4454531669616699
QUIC_CONNECT5.pcap,172.16.0.39:51135->172.19.0.8:443,18,172.16.0.39,51135,172.19.0.8,443,18,9,9,13990,5679,8311,777.2222222222222,66,1294,581.3050027075626,337915.50617283944,0.7479263794664852,631.0,88,1294,593.1306770012827,351804.0,0.9399852250416525,923.4444444444445,66,1294,530.3443558693438,281265.1358024691,0.5743110579742623,0.026214950224932504,3.0040740966796875e-05,0.196303129196167,0.05353114432802625,0.0028655834130679766,0.05087625980377197,3.0040740966796875e-05,0.196303129196167,0.07050985380477871,0.004971639483571266,0.029594868421554565,0.00010895729064941406,0.16600584983825684,0.05308521045811977,0.0028180395693828686,3,15,0.16666666666666666,0.8333333333333334,0,0.0,1.0,4,11,3,0,0,0.2222222222222222,0.6111111111111112,0.0,0.16666666666666666,0.0,1.0,2.0602489763846963,0.44565415382385254
QUIC_CONNECT5.pcap,172.16.0.29:36041->172.19.0.8:443,18,172.16.0.29,36041,172.19.0.8,443,18,9,9,13990,5679,8311,777.2222222222222,66,1294,581.3050027075626,337915.50617283944,0.7479263794664852,631.0,88,1294,593.1306770012827,351804.0,0.9399852250416525,923.4444444444445,66,1294,530.3443558693438,281265.1358024691,0.5743110579742623,0.02620900378507726,0.0,0.19610810279846191,0.051921631862998814,0.0026958558553167736,0.050795525312423706,0.0,0.19610810279846191,0.06823165915985631,0.004655559311706803,0.02847224473953247,0.0001049041748046875,0.15478086471557617,0.049349281712480486,0.002435351605537761,3,15,0.16666666666666666,0.8333333333333334,0,0.0,1.0,4,11,3,0,0,0.2222222222222222,0.6111111111111112,0.0,0.16666666666666666,0.0,1.0,2.0602489763846963,0.4455530643463135
QUIC_CONNECT5.pcap,172.16.0.53:50845->172.19.0.8:443,18,172.16.0.53,50845,172.19.0.8,443,18,9,9,13996,5679,8317,777.5555555555555,66,1294,581.0793809055526,337653.24691358034,0.7473155799013966,631.0,88,1294,593.1306770012827,351804.0,0.9399852250416525,924.1111111111111,66,1294,529.6653963577056,280545.43209876545,0.5731620256365697,0.026331354590023264,1.8835067749023438e-05,0.19693422317504883,0.05539505310814732,0.003068611908854462,0.05123615264892578,1.8835067749023438e-05,0.19693422317504883,0.07318261837721524,0.005355695632545121,0.02762797474861145,0.00010180473327636719,0.1541900634765625,0.0495964005027537,0.0024598029428295476,3,15,0.16666666666666666,0.8333333333333334,0,0.0,1.0,4,11,3,0,0,0.2222222222222222,0.6111111111111112,0.0,0.16666666666666666,0.0,1.0,2.0602489763846963,0.4476330280303955
QUIC_CONNECT5.pcap,172.16.0.31:46653->172.19.0.8:443,18,172.16.0.31,46653,172.19.0.8,443,18,9,9,13990,5679,8311,777.2222222222222,66,1294,581.3050027075626,337915.50617283944,0.7479263794664852,631.0,88,1294,593.1306770012827,351804.0,0.9399852250416525,923.4444444444445,66,1294,530.3443558693438,281265.1358024691,0.5743110579742623,0.026237067054299748,0.0,0.19663214683532715,0.050762326365868714,0.0025768137780749698,0.051065653562545776,0.0,0.19663214683532715,0.06578596643634167,0.004327793379963474,0.026300638914108276,8.797645568847656e-05,0.1420731544494629,0.04548736029306636,0.00206909994643123,3,15,0.16666666666666666,0.8333333333333334,0,0.0,1.0,4,11,3,0,0,0.2222222222222222,0.6111111111111112,0.0,0.16666666666666666,0.0,1.0,2.0602489763846963,0.4460301399230957
QUIC_CONNECT5.pcap,172.16.0.32:38989->172.19.0.8:443,18,172.16.0.32,38989,172.19.0.8,443,18,9,9,13996,5679,8317,777.5555555555555,66,1294,581.0793809055526,337653.24691358034,0.7473155799013966,631.0,88,1294,593.1306770012827,351804.0,0.9399852250416525,924.1111111111111,66,1294,529.6653963577056,280545.43209876545,0.5731620256365697,0.02632601120892693,0.0,0.1968832015991211,0.05034108895344693,0.0025342252370188566,0.05114865303039551,0.0,0.1968832015991211,0.06515435941098828,0.004245090550256236,0.025358498096466064,0.00011491775512695312,0.13440608978271484,0.043121521364365784,0.001859465604777455,3,15,0.16666666666666666,0.8333333333333334,0,0.0,1.0,4,11,3,0,0,0.2222222222222222,0.6111111111111112,0.0,0.16666666666666666,0.0,1.0,2.0602489763846963,0.4475421905517578
QUIC_CONNECT5.pcap,172.16.0.54:33301->172.19.0.8:443,18,172.16.0.54,33301,172.19.0.8,443,18,9,9,13998,5679,8319,777.6666666666666,66,1294,581.0048766289889,337566.6666666666,0.7471130003801829,631.0,88,1294,593.1306770012827,351804.0,0.9399852250416525,924.3333333333334,66,1294,529.4403754070056,280307.11111111107,0.5727807883956064,0.02633824067957261,1.6927719116210938e-05,0.19724106788635254,0.04982171956206792,0.0024822037401213415,0.05133014917373657,1.6927719116210938e-05,0.19724106788635254,0.06395103246302794,0.004089734553087254,0.023191750049591064,8.797645568847656e-05,0.12016987800598145,0.0388093039124378,0.0015061620701679601,3,15,0.16666666666666666,0.8333333333333334,0,0.0,1.0,4,11,3,0,0,0.2222222222222222,0.6111111111111112,0.0,0.16666666666666666,0.0,1.0,2.0602489763846963,0.4477500915527344
QUIC_CONNECT5.pcap,172.16.0.26:40048->172.19.0.8:443,18,172.16.0.26,40048,172.19.0.8,443,18,9,9,13989,5679,8310,777.1666666666666,66,1294,581.3429137207517,337959.5833333333,0.748028625846989,631.0,88,1294,593.1306770012827,351804.0,0.9399852250416525,923.3333333333334,66,1294,530.4580829601692,281385.77777777775,0.5745033389460317,0.026344762128942153,9.5367431640625e-07,0.19756293296813965,0.05188573438869497,0.0026921294330542033,0.05141100287437439,9.5367431640625e-07,0.19756293296813965,0.06729866368563696,0.0045291101338724715,0.02209538221359253,8.0108642578125e-05,0.11253905296325684,0.03647256843678423,0.0013302482483759093,3,15,0.16666666666666666,0.8333333333333334,0,0.0,1.0,4,11,3,0,0,0.2222222222222222,0.6111111111111112,0.0,0.16666666666666666,0.0,1.0,2.0602489763846963,0.4478609561920166
QUIC_CONNECT5.pcap,172.16.0.49:48511->172.19.0.8:443,18,172.16.0.49,48511,172.19.0.8,443,18,9,9,13991,5679,8312,777.2777777777778,66,1294,581.2671794885871,337871.5339506173,0.7478242606528888,631.0,88,1294,593.1306770012827,351804.0,0.9399852250416525,923.5555555555555,66,1294,530.2307906544326,281144.69135802466,0.5741189985430574,0.02622552479014677,0.0,0.1966080665588379,0.04912608064163852,0.0024133717992087713,0.050970882177352905,0.0,0.1966080665588379,0.06398883582558736,0.0040945711103139715,0.019471347332000732,8.893013000488281e-05,0.08615899085998535,0.027845614966695194,0.0007753782728734393,3,15,0.16666666666666666,0.8333333333333334,0,0.0,1.0,4,11,3,0,0,0.2222222222222222,0.6111111111111112,0.0,0.16666666666666666,0.0,1.0,2.0602489763846963,0.4458339214324951
QUIC_CONNECT5.pcap,172.16.0.27:33649->172.19.0.8:443,18,172.16.0.27,33649,172.19.0.8,443,18,12,6,11780,8601,3179,654.4444444444445,66,1444,604.252543066613,365121.1358024691,0.9233060929710556,716.75,87,1444,620.5041129329173,385025.3541666667,0.8657190274613427,529.8333333333334,66,1294,549.5641960276848,302020.80555555556,1.0372397534338185,0.0360713005065918,9.059906005859375e-06,0.2010481357574463,0.06752507529695466,0.004559635793859396,0.05574655532836914,9.059906005859375e-06,0.2010481357574463,0.07722933977336187,0.0059643709218293725,0.05620880126953125,0.00016808509826660156,0.2273240089416504,0.08621058801884239,0.0074322654865545705,7,11,0.3888888888888889,0.6111111111111112,0,0.0,1.0,4,7,7,0,0,0.2222222222222222,0.3888888888888889,0.0,0.3888888888888889,0.0,0.9182958340544896,2.8218881955261783,0.6132121086120605
QUIC_CONNECT5.pcap,172.16.0.46:46808->172.19.0.8:443,18,172.16.0.46,46808,172.19.0.8,443,18,10,8,6743,3357,3386,374.6111111111111,66,1294,495.1847173742215,245207.90432098767,1.3218634009692998,335.7,87,1294,479.3166072649684,229744.40999999997,1.4278123540809307,423.25,66,1294,510.1753987600735,260278.9375,1.2053760159718216,0.02676571116727941,2.3126602172851562e-05,0.17766714096069336,0.044849829791836805,0.002011507232356732,0.050557454427083336,2.3126602172851562e-05,0.17980313301086426,0.053910634907875725,0.002906356556170269,0.06259713854108538,0.00010585784912109375,0.35122013092041016,0.11875732125839318,0.014103301352469205,4,14,0.2222222222222222,0.7777777777777778,0,0.0,1.0,2,12,4,0,0,0.1111111111111111,0.6666666666666666,0.0,0.2222222222222222,0.0,0.9910760598382222,2.2810361125534233,0.45501708984375
QUIC_CONNECT5.pcap,172.16.0.50:53181->172.19.0.8:443,18,172.16.0.50,53181,172.19.0.8,443,18,10,8,6745,3356,3389,374.72222222222223,66,1294,495.2112686695286,245234.200617284,1.3215423033434417,335.6,86,1294,479.368584702836,229794.24000000005,1.4283926838582717,423.625,66,1294,510.1269296704498,260229.484375,1.2041945816947768,0.026702418046839097,0.0,0.13438892364501953,0.03956749782995278,0.001565586884523318,0.05043790075514051,0.0,0.13438892364501953,0.04540131005142278,0.0020612789543854237,0.06171355928693499,0.00013589859008789062,0.3428659439086914,0.11532747305605058,0.013300426041494073,4,14,0.2222222222222222,0.7777777777777778,0,0.0,1.0,2,12,4,0,0,0.1111111111111111,0.6666666666666666,0.0,0.2222222222222222,0.0,0.9910760598382222,2.2810361125534233,0.45394110679626465
QUIC_CONNECT5.pcap,172.16.0.34:50171->172.19.0.8:443,18,172.16.0.34,50171,172.19.0.8,443,18,10,8,6726,3357,3369,373.6666666666667,66,1294,495.5537867432309,245573.55555555556,1.3261921143886641,335.7,87,1294,479.3166072649684,229744.40999999997,1.4278123540809307,421.125,66,1294,511.1808480127165,261305.859375,1.213845884268843,0.4883851163527545,0.0,7.848893880844116,1.8406721582763945,3.38807399425388,0.05040589968363444,0.0,0.18450403213500977,0.05408027123637361,0.002924675736999739,1.1817477090018136,0.0001399517059326172,7.85030198097229,2.724634046457371,7.423630687114666,5,13,0.2777777777777778,0.7222222222222222,0,0.0,1.0,2,11,5,0,0,0.1111111111111111,0.6111111111111112,0.0,0.2777777777777778,0.0,0.9910760598382222,2.3695710038552735,8.302546977996826
QUIC_CONNECT5.pcap,172.16.0.54:55069->172.19.0.8:443,18,172.16.0.54,55069,172.19.0.8,443,18,9,9,13990,5679,8311,777.2222222222222,66,1294,581.3050027075626,337915.50617283944,0.7479263794664852,631.0,88,1294,593.1306770012827,351804.0,0.9399852250416525,923.4444444444445,66,1294,530.3443558693438,281265.1358024691,0.5743110579742623,0.027087534175199622,0.0,0.19808197021484375,0.054697293128275634,0.0029917938755605086,0.05149275064468384,0.0,0.19808197021484375,0.07251182180456972,0.0052579643014176725,0.031923383474349976,0.0001049041748046875,0.1731550693511963,0.055699010161824034,0.003102379733006977,3,15,0.16666666666666666,0.8333333333333334,0,0.0,1.0,4,11,3,0,0,0.2222222222222222,0.6111111111111112,0.0,0.16666666666666666,0.0,1.0,2.0602489763846963,0.46048808097839355
QUIC_CONNECT5.pcap,172.16.0.33:34355->172.19.0.8:443,18,172.16.0.33,34355,172.19.0.8,443,18,11,7,14016,5867,8149,778.6666666666666,88,1294,579.6745255361457,336022.55555555556,0.7444450242330638,533.3636363636364,88,1294,575.0978213593156,330737.50413223135,1.078247151006046,1164.142857142857,385,1294,318.0837394557013,101177.26530612246,0.273234283493669,0.024265471626730525,0.0,0.1982259750366211,0.05445454643118563,0.0029652976270261515,0.041251301765441895,0.0,0.1982259750366211,0.06642295078358387,0.004412008390798405,0.028793493906656902,0.00010395050048828125,0.16582703590393066,0.061303767697521265,0.003758151933911652,1,17,0.05555555555555555,0.9444444444444444,0,0.0,1.0,4,13,1,0,0,0.2222222222222222,0.7222222222222222,0.0,0.05555555555555555,0.0,0.964078764808229,1.6794293668139548,0.41251301765441895
QUIC_CONNECT5.pcap,172.16.0.62:60576->172.19.0.8:443,18,172.16.0.62,60576,172.19.0.8,443,18,10,8,14026,5773,8253,779.2222222222222,88,1294,579.1318747876529,335393.72839506174,0.7432178629814454,577.3,88,1294,585.3006150688722,342576.81,1.013858678449458,1031.625,100,1294,460.1543049619334,211741.984375,0.44604803582884617,0.02564246514264275,0.0,0.1982710361480713,0.05302367686923817,0.002811510308733383,0.04595666461520725,0.0,0.1982710361480713,0.06688112766686787,0.004473085237991879,0.030405419213431224,0.00010180473327636719,0.1576390266418457,0.054484009387116325,0.00296850727889538,2,16,0.1111111111111111,0.8888888888888888,0,0.0,1.0,4,12,2,0,0,0.2222222222222222,0.6666666666666666,0.0,0.1111111111111111,0.0,0.9910760598382222,1.879964948727111,0.43592190742492676
QUIC_CONNECT5.pcap,172.16.0.27:34725->172.19.0.8:443,18,172.16.0.27,34725,172.19.0.8,443,18,10,8,14026,5773,8253,779.2222222222222,88,1294,579.1318747876529,335393.72839506174,0.7432178629814454,577.3,88,1294,585.3006150688722,342576.81,1.013858678449458,1031.625,100,1294,460.1543049619334,211741.984375,0.44604803582884617,0.02568522621603573,9.5367431640625e-07,0.19879603385925293,0.05213045500984469,0.0027175843395334407,0.04624554846021864,9.5367431640625e-07,0.19879603385925293,0.06523548147963522,0.00425566804387983,0.028318541390555247,9.608268737792969e-05,0.14628291130065918,0.05096126134641769,0.0025970501580178857,2,16,0.1111111111111111,0.8888888888888888,0,0.0,1.0,4,12,2,0,0,0.2222222222222222,0.6666666666666666,0.0,0.1111111111111111,0.0,0.9910760598382222,1.879964948727111,0.4366488456726074
QUIC_CONNECT5.pcap,172.16.0.40:40505->172.19.0.8:443,18,172.16.0.40,40505,172.19.0.8,443,18,10,8,11561,5766,5795,642.2777777777778,66,1294,586.3695086012607,343829.20061728393,0.9129531316341745,576.6,87,1294,585.8821041813787,343257.83999999997,1.0160979954585132,724.375,66,1294,576.551371843828,332411.484375,0.7959294175583475,0.5368697082295137,2.7179718017578125e-05,8.664151191711426,2.0324516696948605,4.130859789645426,0.05140376091003418,2.7179718017578125e-05,0.19887304306030273,0.06216031983229615,0.00386390536165335,1.2684225695473808,9.608268737792969e-05,8.664514064788818,3.0197855789022934,9.11910494254626,5,13,0.2777777777777778,0.7222222222222222,0,0.0,1.0,4,9,5,0,0,0.2222222222222222,0.5,0.0,0.2777777777777778,0.0,0.9910760598382222,2.30827083453526,9.126785039901733
QUIC_CONNECT5.pcap,172.16.0.49:44850->172.19.0.8:443,18,172.16.0.49,44850,172.19.0.8,443,18,9,9,13997,5679,8318,777.6111111111111,66,1294,581.0420848105476,337609.90432098764,0.7472142263763561,631.0,88,1294,593.1306770012827,351804.0,0.9399852250416525,924.2222222222222,66,1294,529.5528045809087,280426.1728395062,0.5729712961322648,0.027073172961964327,9.5367431640625e-07,0.19793295860290527,0.04907818589330042,0.002408668330577353,0.051397114992141724,9.5367431640625e-07,0.19793295860290527,0.06314382560437362,0.003987142711955549,0.02430662512779236,0.00010895729064941406,0.11080288887023926,0.036098923823913096,0.0013031323012446805,3,15,0.16666666666666666,0.8333333333333334,0,0.0,1.0,4,11,3,0,0,0.2222222222222222,0.6111111111111112,0.0,0.16666666666666666,0.0,1.0,2.0602489763846963,0.46024394035339355
QUIC_CONNECT5.pcap,172.16.0.55:37610->172.19.0.8:443,18,172.16.0.55,37610,172.19.0.8,443,18,9,9,13989,5679,8310,777.1666666666666,66,1294,581.3429137207517,337959.5833333333,0.748028625846989,631.0,88,1294,593.1306770012827,351804.0,0.9399852250416525,923.3333333333334,66,1294,530.4580829601692,281385.77777777775,0.5745033389460317,0.027118234073414522,2.9087066650390625e-05,0.19834685325622559,0.04958484165225202,0.0024586565216789067,0.051813364028930664,2.9087066650390625e-05,0.19834685325622559,0.06360610920429967,0.004045737128109295,0.022123634815216064,9.512901306152344e-05,0.09885597229003906,0.03289702469375081,0.0010822142337012508,3,15,0.16666666666666666,0.8333333333333334,0,0.0,1.0,4,11,3,0,0,0.2222222222222222,0.6111111111111112,0.0,0.16666666666666666,0.0,1.0,2.0602489763846963,0.4610099792480469
QUIC_CONNECT5.pcap,172.16.0.44:33542->172.19.0.8:443,18,172.16.0.44,33542,172.19.0.8,443,18,9,9,13989,5679,8310,777.1666666666666,66,1294,581.3429137207517,337959.5833333333,0.748028625846989,631.0,88,1294,593.1306770012827,351804.0,0.9399852250416525,923.3333333333334,66,1294,530.4580829601692,281385.77777777775,0.5745033389460317,0.027125709197100473,1.9073486328125e-05,0.19847798347473145,0.04992246808878004,0.0024922528200752615,0.05192136764526367,1.9073486328125e-05,0.19847798347473145,0.06403771666251187,0.004100829155348151,0.02101963758468628,9.703636169433594e-05,0.09097099304199219,0.030661909699203845,0.0009401527064021309,3,15,0.16666666666666666,0.8333333333333334,0,0.0,1.0,4,11,3,0,0,0.2222222222222222,0.6111111111111112,0.0,0.16666666666666666,0.0,1.0,2.0602489763846963,0.461137056350708
QUIC_CONNECT5.pcap,172.16.0.59:48908->172.19.0.8:443,18,172.16.0.59,48908,172.19.0.8,443,18,12,6,11779,8601,3178,654.3888888888889,66,1444,604.2797493149169,365154.01543209876,0.9234260537964601,716.75,87,1444,620.5041129329173,385025.3541666667,0.8657190274613427,529.6666666666666,66,1294,549.6161286651702,302077.88888888893,1.0376641825018948,0.03597800871905159,1.3113021850585938e-05,0.20055890083312988,0.06742770219921164,0.0045464950238655695,0.05560237711126154,1.3113021850585938e-05,0.20055890083312988,0.07712673104452442,0.005948532641614406,0.05612177848815918,0.00012087821960449219,0.2269580364227295,0.0860858398904309,0.007410771829640906,7,11,0.3888888888888889,0.6111111111111112,0,0.0,1.0,4,7,7,0,0,0.2222222222222222,0.3888888888888889,0.0,0.3888888888888889,0.0,0.9182958340544896,2.8218881955261783,0.611626148223877
QUIC_CONNECT5.pcap,172.16.0.46:58943->172.19.0.8:443,18,172.16.0.46,58943,172.19.0.8,443,18,10,8,6770,3364,3406,376.1111111111111,91,1294,494.34141248611314,244373.43209876545,1.3143493980428416,336.4,91,1294,478.9559896274396,229398.84000000003,1.4237692914014257,425.75,92,1294,508.58277349906376,258656.4375,1.1945573071029096,0.033035053926355695,0.0,0.23547101020812988,0.06115977033582536,0.003740517507530904,0.058473666508992515,0.0,0.23547101020812988,0.07499472916100708,0.0056242094019328046,0.07737657002040318,0.000102996826171875,0.5045480728149414,0.17472682913356796,0.03052946481907105,0,18,0.0,1.0,0,0.0,1.0,2,16,0,0,0,0.1111111111111111,0.8888888888888888,0.0,0.0,0.0,0.9910760598382222,1.3355055565170972,0.5615959167480469
QUIC_CONNECT5.pcap,172.16.0.28:51893->172.19.0.8:443,18,172.16.0.28,51893,172.19.0.8,443,18,10,8,14019,5770,8249,778.8333333333334,88,1294,579.4797714808996,335796.80555555556,0.7440356577970034,577.0,88,1294,585.5489731867011,342867.6,1.0148162446909899,1031.125,100,1294,460.85394581689326,212386.359375,0.44694284962239617,0.03407493759604061,3.314018249511719e-05,0.20045709609985352,0.06322851389033825,0.0039978449687806976,0.06207156181335449,3.314018249511719e-05,0.20045709609985352,0.07730527852254457,0.00597610608744819,0.05226029668535505,0.0001220703125,0.300739049911499,0.10238087641214302,0.010481843854918505,2,16,0.1111111111111111,0.8888888888888888,0,0.0,1.0,4,12,2,0,0,0.2222222222222222,0.6666666666666666,0.0,0.1111111111111111,0.0,0.9910760598382222,1.879964948727111,0.5792739391326904
QUIC_CONNECT5.pcap,172.16.0.36:35165->172.19.0.8:443,18,172.16.0.36,35165,172.19.0.8,443,18,11,7,14018,5864,8154,778.7777777777778,88,1294,579.684354297478,336033.950617284,0.7443514322552862,533.0909090909091,88,1294,575.3067884411292,330977.90082644625,1.07919076958602,1164.857142857143,390,1294,316.33410392514185,100067.26530612246,0.27156472007309207,0.032966052784639245,3.504753112792969e-05,0.20048093795776367,0.06257080924105766,0.003915106169080828,0.05604228973388672,4.220008850097656e-05,0.20048093795776367,0.07399701868675865,0.005475558774528508,0.05220480759938558,9.799003601074219e-05,0.28253984451293945,0.10345965163690561,0.010703899516829866,1,17,0.05555555555555555,0.9444444444444444,0,0.0,1.0,4,13,1,0,0,0.2222222222222222,0.7222222222222222,0.0,0.05555555555555555,0.0,0.964078764808229,1.6794293668139548,0.5604228973388672
QUIC_CONNECT5.pcap,172.16.0.39:60489->172.19.0.8:443,18,172.16.0.39,60489,172.19.0.8,443,18,10,8,13700,5770,7930,761.1111111111111,66,1294,595.8987506176315,355095.32098765427,0.7829326650450634,577.0,88,1294,585.5489731867011,342867.6,1.0148162446909899,991.25,66,1294,524.4472685599574,275044.9375,0.529076689593904,0.0355842253741096,1.0967254638671875e-05,0.20047998428344727,0.06107957769744586,0.003730714811698326,0.06236076354980469,1.0967254638671875e-05,0.20047998428344727,0.07392181546121795,0.005464434801082361,0.05122171129499163,0.00011491775512695312,0.27039384841918945,0.09199840109945838,0.008463705804856824,3,15,0.16666666666666666,0.8333333333333334,0,0.0,1.0,4,11,3,0,0,0.2222222222222222,0.6111111111111112,0.0,0.16666666666666666,0.0,0.9910760598382222,1.879964948727111,0.6049318313598633
QUIC_CONNECT5.pcap,172.16.0.38:51393->172.19.0.8:443,18,172.16.0.38,51393,172.19.0.8,443,18,10,8,14031,5770,8261,779.5,88,1294,579.0330301459494,335279.25,0.7428262092956375,577.0,88,1294,585.5489731867011,342867.6,1.0148162446909899,1032.625,100,1294,458.76326615695814,210463.734375,0.4442689903468908,0.03413305563085219,0.0,0.20050501823425293,0.06208077161217079,0.0038540222039625113,0.06244553460015191,0.0,0.20050501823425293,0.07518607981794208,0.005652946598389958,0.044979708535330634,9.918212890625e-05,0.25290679931640625,0.08586707128954121,0.0073731539318431525,2,16,0.1111111111111111,0.8888888888888888,0,0.0,1.0,4,12,2,0,0,0.2222222222222222,0.6666666666666666,0.0,0.1111111111111111,0.0,0.9910760598382222,1.879964948727111,0.5802619457244873
QUIC_CONNECT5.pcap,172.16.0.50:43762->172.19.0.8:443,18,172.16.0.50,43762,172.19.0.8,443,18,10,8,13700,5770,7930,761.1111111111111,66,1294,595.8987506176315,355095.32098765427,0.7829326650450634,577.0,88,1294,585.5489731867011,342867.6,1.0148162446909899,991.25,66,1294,524.4472685599574,275044.9375,0.529076689593904,0.03559740851907169,0.0,0.20048809051513672,0.06275136044641486,0.003937733237875879,0.06253364351060656,0.0,0.20048809051513672,0.07637571178423588,0.005833249350548669,0.04599830082484654,0.00010991096496582031,0.23766803741455078,0.08082898252077944,0.006533324415344468,3,15,0.16666666666666666,0.8333333333333334,0,0.0,1.0,4,11,3,0,0,0.2222222222222222,0.6111111111111112,0.0,0.16666666666666666,0.0,0.9910760598382222,1.879964948727111,0.6051559448242188
QUIC_CONNECT5.pcap,172.16.0.32:42671->172.19.0.8:443,18,172.16.0.32,42671,172.19.0.8,443,18,10,8,14028,5770,8258,779.3333333333334,88,1294,579.143524717511,335407.22222222225,0.74312684950921,577.0,88,1294,585.5489731867011,342867.6,1.0148162446909899,1032.25,100,1294,459.2836133588918,210941.4375,0.444934476492024,0.03416299819946289,0.0,0.20048308372497559,0.06433199539870184,0.0041386056319785945,0.06260188420613606,0.0,0.20048308372497559,0.07809125362486938,0.006098243892703675,0.04068929808480399,0.00010609626770019531,0.2263789176940918,0.07698243258683711,0.005926294926986921,2,16,0.1111111111111111,0.8888888888888888,0,0.0,1.0,4,12,2,0,0,0.2222222222222222,0.6666666666666666,0.0,0.1111111111111111,0.0,0.9910760598382222,1.879964948727111,0.5807709693908691
QUIC_CONNECT5.pcap,172.16.0.51:59143->172.19.0.8:443,18,172.16.0.51,59143,172.19.0.8,443,18,10,8,13696,5766,7930,760.8888888888889,66,1294,596.1492998019213,355393.987654321,0.7834906101368708,576.6,87,1294,585.8821041813787,343257.83999999997,1.0160979954585132,991.25,66,1294,524.4472685599574,275044.9375,0.529076689593904,0.03575557820937213,0.0,0.19211292266845703,0.0633284417435043,0.0040104915336604185,0.06753831439548069,0.0,0.19211292266845703,0.07501061586047182,0.005626592491767266,0.04216616494315011,0.00011706352233886719,0.21602797508239746,0.07339326841697338,0.005386571848925903,4,14,0.2222222222222222,0.7777777777777778,0,0.0,1.0,4,10,4,0,0,0.2222222222222222,0.5555555555555556,0.0,0.2222222222222222,0.0,0.9910760598382222,1.949137865273585,0.6078448295593262
QUIC_CONNECT5.pcap,172.16.0.30:33578->172.19.0.8:443,18,172.16.0.30,33578,172.19.0.8,443,18,10,8,13696,5766,7930,760.8888888888889,66,1294,596.1492998019213,355393.987654321,0.7834906101368708,576.6,87,1294,585.8821041813787,343257.83999999997,1.0160979954585132,991.25,66,1294,524.4472685599574,275044.9375,0.529076689593904,0.03568869478562299,0.0,0.19206690788269043,0.06235858776620307,0.0038885934681952513,0.06741197903951009,0.0,0.19206690788269043,0.07349260054046054,0.005401162334199701,0.04070697511945452,0.000102996826171875,0.20382285118103027,0.06933533390183136,0.004807388527278446,4,14,0.2222222222222222,0.7777777777777778,0,0.0,1.0,4,10,4,0,0,0.2222222222222222,0.5555555555555556,0.0,0.2222222222222222,0.0,0.9910760598382222,1.949137865273585,0.6067078113555908
QUIC_CONNECT5.pcap,172.16.0.37:42064->172.19.0.8:443,18,172.16.0.37,42064,172.19.0.8,443,18,10,8,13696,5766,7930,760.8888888888889,66,1294,596.1492998019213,355393.987654321,0.7834906101368708,576.6,87,1294,585.8821041813787,343257.83999999997,1.0160979954585132,991.25,66,1294,524.4472685599574,275044.9375,0.529076689593904,0.035749351277070886,0.0,0.19211292266845703,0.062255755933761155,0.003875779146884037,0.067526552412245,0.0,0.19211292266845703,0.07322675251370127,0.005362157283702856,0.03958330835614886,0.00012683868408203125,0.19636178016662598,0.06677977547733077,0.0044595384128027086,4,14,0.2222222222222222,0.7777777777777778,0,0.0,1.0,4,10,4,0,0,0.2222222222222222,0.5555555555555556,0.0,0.2222222222222222,0.0,0.9910760598382222,1.949137865273585,0.6077389717102051
QUIC_CONNECT5.pcap,172.16.0.54:44655->172.19.0.8:443,18,172.16.0.54,44655,172.19.0.8,443,18,9,9,13998,5679,8319,777.6666666666666,66,1294,581.0048766289889,337566.6666666666,0.7471130003801829,631.0,88,1294,593.1306770012827,351804.0,0.9399852250416525,924.3333333333334,66,1294,529.4403754070056,280307.11111111107,0.5727807883956064,0.03576139842762666,0.0,0.19227385520935059,0.062185533567593446,0.003867040585086291,0.07078024744987488,0.0,0.19227385520935059,0.07729003882157676,0.005973750101040842,0.03364986181259155,8.988380432128906e-05,0.1901860237121582,0.06074477005537735,0.003689927089080669,3,15,0.16666666666666666,0.8333333333333334,0,0.0,1.0,4,11,3,0,0,0.2222222222222222,0.6111111111111112,0.0,0.16666666666666666,0.0,1.0,2.0602489763846963,0.6079437732696533
QUIC_CONNECT5.pcap,172.16.0.60:49558->172.19.0.8:443,18,172.16.0.60,49558,172.19.0.8,443,18,9,9,13999,5679,8320,777.7222222222222,66,1294,580.9677563777677,337523.5339506173,0.7470119019072662,631.0,88,1294,593.1306770012827,351804.0,0.9399852250416525,924.4444444444445,66,1294,529.3281089396068,280188.2469135802,0.5725905024587092,0.035767653409172505,0.0,0.19228911399841309,0.06235005856847242,0.003887529803491941,0.07086974382400513,0.0,0.19228911399841309,0.07752201085662677,0.006009662167254959,0.032455265522003174,0.00010418891906738281,0.18219780921936035,0.05822003094429343,0.003389572003154484,3,15,0.16666666666666666,0.8333333333333334,0,0.0,1.0,4,11,3,0,0,0.2222222222222222,0.6111111111111112,0.0,0.16666666666666666,0.0,1.0,2.0602489763846963,0.6080501079559326
QUIC_CONNECT5.pcap,172.16.0.56:41676->172.19.0.8:443,18,172.16.0.56,41676,172.19.0.8,443,18,9,9,14000,5679,8321,777.7777777777778,66,1294,580.9307240737397,337480.5061728395,0.746910930951951,631.0,88,1294,593.1306770012827,351804.0,0.9399852250416525,924.5555555555555,66,1294,529.2160052822605,280069.5802469136,0.5724004383536048,0.03577282849480124,0.0,0.1925501823425293,0.06270504103737053,0.0039319221714983225,0.0709453821182251,0.0,0.1925501823425293,0.07798092760341646,0.006081025069889279,0.03129848837852478,9.894371032714844e-05,0.17437505722045898,0.05583808638242747,0.003117891890851432,3,15,0.16666666666666666,0.8333333333333334,0,0.0,1.0,4,11,3,0,0,0.2222222222222222,0.6111111111111112,0.0,0.16666666666666666,0.0,1.0,2.0602489763846963,0.6081380844116211
QUIC_CONNECT5.pcap,172.16.0.41:37567->172.19.0.8:443,18,172.16.0.41,37567,172.19.0.8,443,18,10,8,14021,5773,8248,778.9444444444445,88,1294,579.3201448654393,335611.83024691354,0.7437245993565299,577.3,88,1294,585.3006150688722,342576.81,1.013858678449458,1031.0,100,1294,461.0292832348071,212548.0,0.4471671030405501,0.03430759205537684,0.0,0.19267606735229492,0.06368971861228134,0.004056380256911577,0.06315379672580296,0.0,0.19267606735229492,0.07738552401455176,0.0059885193270067675,0.03092329842703683,0.0001010894775390625,0.16698598861694336,0.05718200884956896,0.003269782136072183,2,16,0.1111111111111111,0.8888888888888888,0,0.0,1.0,4,12,2,0,0,0.2222222222222222,0.6666666666666666,0.0,0.1111111111111111,0.0,0.9910760598382222,1.879964948727111,0.5832290649414062
QUIC_CONNECT5.pcap,172.16.0.42:48958->172.19.0.8:443,18,172.16.0.42,48958,172.19.0.8,443,18,9,9,13991,5679,8312,777.2777777777778,66,1294,581.2671794885871,337871.5339506173,0.7478242606528888,631.0,88,1294,593.1306770012827,351804.0,0.9399852250416525,923.5555555555555,66,1294,530.2307906544326,281144.69135802466,0.5741189985430574,0.03579164953792796,2.8133392333984375e-05,0.19280600547790527,0.06364465529048977,0.004050642147045267,0.07113462686538696,2.8133392333984375e-05,0.19280600547790527,0.07934054620827068,0.006294922272626735,0.02897012233734131,0.0001480579376220703,0.15868186950683594,0.05090221024959358,0.0025910350082938294,3,15,0.16666666666666666,0.8333333333333334,0,0.0,1.0,4,11,3,0,0,0.2222222222222222,0.6111111111111112,0.0,0.16666666666666666,0.0,1.0,2.0602489763846963,0.6084580421447754
QUIC_CONNECT5.pcap,172.16.0.53:33812->172.19.0.8:443,18,172.16.0.53,33812,172.19.0.8,443,18,10,8,14020,5773,8247,778.8888888888889,88,1294,579.3580632321421,335655.7654320987,0.7438263293993265,577.3,88,1294,585.3006150688722,342576.81,1.013858678449458,1030.875,100,1294,461.20479114488825,212709.859375,0.4473915762288233,0.03439453068901511,4.696846008300781e-05,0.19573497772216797,0.0650848509986274,0.004236037829513531,0.063411898083157,4.696846008300781e-05,0.19573497772216797,0.07928819037806517,0.006286617133428305,0.02815829004560198,0.00013899803161621094,0.15079212188720703,0.0519227787965219,0.002695974957952544,2,16,0.1111111111111111,0.8888888888888888,0,0.0,1.0,4,12,2,0,0,0.2222222222222222,0.6666666666666666,0.0,0.1111111111111111,0.0,0.9910760598382222,1.879964948727111,0.5847070217132568
QUIC_CONNECT5.pcap,172.16.0.31:46912->172.19.0.8:443,18,172.16.0.31,46912,172.19.0.8,443,18,11,7,14015,5867,8148,778.6111111111111,88,1294,579.712298269954,336066.3487654321,0.7445466549310861,533.3636363636364,88,1294,575.0978213593156,330737.50413223135,1.078247151006046,1164.0,384,1294,318.43366656181314,101400.0,0.27356844206341335,0.03352653279024012,4.696846008300781e-05,0.20228910446166992,0.06615927539108957,0.004377049720274029,0.0569951057434082,4.696846008300781e-05,0.20290017127990723,0.07868122485217911,0.0061907351442391685,0.024381836255391438,9.584426879882812e-05,0.13964104652404785,0.05156692567129312,0.002659147823188669,1,17,0.05555555555555555,0.9444444444444444,0,0.0,1.0,4,13,1,0,0,0.2222222222222222,0.7222222222222222,0.0,0.05555555555555555,0.0,0.964078764808229,1.6794293668139548,0.569951057434082
QUIC_CONNECT5.pcap,172.16.0.40:46003->172.19.0.8:443,18,172.16.0.40,46003,172.19.0.8,443,18,10,8,14023,5773,8250,779.0555555555555,88,1294,579.2445724315058,335524.274691358,0.7435215220542755,577.3,88,1294,585.3006150688722,342576.81,1.013858678449458,1031.25,100,1294,460.6787790858181,212224.9375,0.44671881608321756,0.0344088919022504,3.1948089599609375e-05,0.2108778953552246,0.06678230837821557,0.004459876712323081,0.0634886688656277,3.1948089599609375e-05,0.21152400970458984,0.08182520671405982,0.006695364453798622,0.025430168424333845,0.00011396408081054688,0.13397002220153809,0.046365041118084586,0.0021497170378816746,2,16,0.1111111111111111,0.8888888888888888,0,0.0,1.0,4,12,2,0,0,0.2222222222222222,0.6666666666666666,0.0,0.1111111111111111,0.0,0.9910760598382222,1.879964948727111,0.5849511623382568
QUIC_CONNECT5.pcap,172.16.0.55:33183->172.19.0.8:443,18,172.16.0.55,33183,172.19.0.8,443,18,12,6,11781,8601,3180,654.5,66,1444,604.2254224303304,365088.3611111111,0.9231862833160127,716.75,87,1444,620.5041129329173,385025.3541666667,0.8657190274613427,530.0,66,1294,549.512511231546,301964.0,1.0368160589274453,0.04467494347516228,0.0,0.2810850143432617,0.08610833507658211,0.007414645369660942,0.06904309446161444,0.0,0.281527042388916,0.09900784484452714,0.009802553340757959,0.056195402145385744,0.0001049041748046875,0.2268209457397461,0.08596773291596306,0.007390451102710359,7,11,0.3888888888888889,0.6111111111111112,0,0.0,1.0,4,7,7,0,0,0.2222222222222222,0.3888888888888889,0.0,0.3888888888888889,0.0,0.9182958340544896,2.8218881955261783,0.7594740390777588
QUIC_CONNECT5.pcap,172.16.0.46:48787->172.19.0.8:443,18,172.16.0.46,48787,172.19.0.8,443,18,11,7,6777,3452,3325,376.5,88,1294,494.2124205912541,244245.91666666666,1.3126491914774345,313.8181818181818,88,1294,462.2161670949719,213643.78512396698,1.4728788638599917,475.0,92,1294,525.7932782268821,276458.5714285714,1.1069332173197517,0.02614723934846766,0.0,0.17145895957946777,0.04250007733207248,0.001806256573232141,0.0416754961013794,0.0,0.17145895957946777,0.05007430528414067,0.0025074360496893182,0.07175767421722412,0.00010704994201660156,0.3640718460083008,0.13175600609599614,0.01735964514236817,2,16,0.1111111111111111,0.8888888888888888,0,0.0,1.0,2,14,2,0,0,0.1111111111111111,0.7777777777777778,0.0,0.1111111111111111,0.0,0.964078764808229,1.879964948727111,0.4445030689239502
QUIC_CONNECT5.pcap,172.16.0.58:46251->172.19.0.8:443,18,172.16.0.58,46251,172.19.0.8,443,18,10,8,6746,3356,3390,374.77777777777777,66,1294,495.20955783671974,245232.5061728395,1.3213418382835689,335.6,86,1294,479.368584702836,229794.24000000005,1.4283926838582717,423.75,66,1294,510.1112011120712,260213.4375,1.2038022445122625,0.027578353881835938,3.0994415283203125e-05,0.13981103897094727,0.041746820248122776,0.001742797000829074,0.05209244622124566,3.0994415283203125e-05,0.14208698272705078,0.04843759696241633,0.0023462007994934832,0.06409382820129395,0.00010895729064941406,0.3557419776916504,0.11964612863706031,0.014315196097835983,4,14,0.2222222222222222,0.7777777777777778,0,0.0,1.0,2,12,4,0,0,0.1111111111111111,0.6666666666666666,0.0,0.2222222222222222,0.0,0.9910760598382222,2.2810361125534233,0.46883201599121094
QUIC_CONNECT5.pcap,172.16.0.48:40021->172.19.0.8:443,18,172.16.0.48,40021,172.19.0.8,443,18,10,8,6739,3356,3383,374.3888888888889,66,1294,495.2237585048341,245246.57098765427,1.3227522856636018,335.6,86,1294,479.368584702836,229794.24000000005,1.4283926838582717,422.875,66,1294,510.2257925418902,260330.359375,1.2065640970544256,0.02758605339947869,0.0,0.1784350872039795,0.04421233906330526,0.0019547309254486682,0.05210698975457086,0.0,0.1784350872039795,0.05189313843662896,0.002692897816803138,0.06284574099949428,9.417533874511719e-05,0.3473658561706543,0.11666084212104204,0.013609752084390697,4,14,0.2222222222222222,0.7777777777777778,0,0.0,1.0,2,12,4,0,0,0.1111111111111111,0.6666666666666666,0.0,0.2222222222222222,0.0,0.9910760598382222,2.2810361125534233,0.4689629077911377
QUIC_CONNECT5.pcap,172.16.0.33:45819->172.19.0.8:443,18,172.16.0.33,45819,172.19.0.8,443,18,9,9,13999,5679,8320,777.7222222222222,66,1294,580.9677563777677,337523.5339506173,0.7470119019072662,631.0,88,1294,593.1306770012827,351804.0,0.9399852250416525,924.4444444444445,66,1294,529.3281089396068,280188.2469135802,0.5725905024587092,0.027543993557200712,0.0,0.19832682609558105,0.05953639522380083,0.0035445823562446142,0.05306136608123779,0.0,0.19832682609558105,0.07968938995030314,0.006350398870651475,0.03248724341392517,0.0001270771026611328,0.18204784393310547,0.058429945660649955,0.003414058549906507,3,15,0.16666666666666666,0.8333333333333334,0,0.0,1.0,4,11,3,0,0,0.2222222222222222,0.6111111111111112,0.0,0.16666666666666666,0.0,1.0,2.0602489763846963,0.4682478904724121
QUIC_CONNECT5.pcap,172.16.0.27:39186->172.19.0.8:443,18,172.16.0.27,39186,172.19.0.8,443,18,9,9,13989,5679,8310,777.1666666666666,66,1294,581.3429137207517,337959.5833333333,0.748028625846989,631.0,88,1294,593.1306770012827,351804.0,0.9399852250416525,923.3333333333334,66,1294,530.4580829601692,281385.77777777775,0.5745033389460317,0.027530053082634422,0.0,0.19826483726501465,0.05708111997303613,0.003258254257376144,0.052980124950408936,0.0,0.19826483726501465,0.07575002950921424,0.005738066970646827,0.030745983123779297,0.00013399124145507812,0.16675496101379395,0.05341559691742483,0.0028532259940448057,3,15,0.16666666666666666,0.8333333333333334,0,0.0,1.0,4,11,3,0,0,0.2222222222222222,0.6111111111111112,0.0,0.16666666666666666,0.0,1.0,2.0602489763846963,0.46801090240478516
QUIC_CONNECT5.pcap,172.16.0.55:38992->172.19.0.8:443,18,172.16.0.55,38992,172.19.0.8,443,18,10,8,14029,5773,8256,779.3888888888889,88,1294,579.019970763712,335264.12654320983,0.7429153520384072,577.3,88,1294,585.3006150688722,342576.81,1.013858678449458,1032.0,100,1294,459.6313740379349,211261.0,0.44537923840885163,0.026164770126342773,0.0,0.19870901107788086,0.05389239862798742,0.0029043906298779,0.04756477144029406,0.0,0.19870901107788086,0.06746479803237888,0.004551498973549674,0.029865707669939314,8.702278137207031e-05,0.16188788414001465,0.05595856334234094,0.0031313608113387836,2,16,0.1111111111111111,0.8888888888888888,0,0.0,1.0,4,12,2,0,0,0.2222222222222222,0.6666666666666666,0.0,0.1111111111111111,0.0,0.9910760598382222,1.879964948727111,0.44480109214782715
QUIC_CONNECT5.pcap,172.16.0.50:43192->172.19.0.8:443,18,172.16.0.50,43192,172.19.0.8,443,18,9,9,13996,5679,8317,777.5555555555555,66,1294,581.0793809055526,337653.24691358034,0.7473155799013966,631.0,88,1294,593.1306770012827,351804.0,0.9399852250416525,924.1111111111111,66,1294,529.6653963577056,280545.43209876545,0.5731620256365697,0.027553530300364774,0.0,0.19846296310424805,0.05439612709828046,0.002958938643292282,0.05324125289916992,0.0,0.19846296310424805,0.07117347028860453,0.005065662872922871,0.027457624673843384,8.702278137207031e-05,0.1437678337097168,0.04629653260235203,0.0021433689310006443,3,15,0.16666666666666666,0.8333333333333334,0,0.0,1.0,4,11,3,0,0,0.2222222222222222,0.6111111111111112,0.0,0.16666666666666666,0.0,1.0,2.0602489763846963,0.46841001510620117
QUIC_CONNECT5.pcap,172.16.0.49:40109->172.19.0.8:443,18,172.16.0.49,40109,172.19.0.8,443,18,10,8,14025,5773,8252,779.1666666666666,88,1294,579.1693525117579,335437.1388888889,0.7433189550953043,577.3,88,1294,585.3006150688722,342576.81,1.013858678449458,1031.5,100,1294,460.3289584634015,211902.75,0.44627140907746143,0.026105179506189683,1.621246337890625e-05,0.19843602180480957,0.05120018948579788,0.002621459403381608,0.04724733034769694,4.1961669921875e-05,0.19843602180480957,0.06365573871412189,0.004052053071240557,0.026584148406982422,8.893013000488281e-05,0.13417792320251465,0.04615404645719506,0.0021301960043729196,2,16,0.1111111111111111,0.8888888888888888,0,0.0,1.0,4,12,2,0,0,0.2222222222222222,0.6666666666666666,0.0,0.1111111111111111,0.0,0.9910760598382222,1.879964948727111,0.4437880516052246
QUIC_CONNECT5.pcap,172.16.0.41:58548->172.19.0.8:443,18,172.16.0.41,58548,172.19.0.8,443,18,9,9,13992,5679,8313,777.3333333333334,66,1294,581.2294440809642,337827.6666666666,0.7477222694008973,631.0,88,1294,593.1306770012827,351804.0,0.9399852250416525,923.6666666666666,66,1294,530.11738741947,281024.44444444444,0.5739271606850993,0.027559715158799115,0.0,0.19870901107788086,0.05073935442560393,0.002574482087527053,0.05333450436592102,0.0,0.19870901107788086,0.0649642501404061,0.004220353796305254,0.02528265118598938,8.821487426757812e-05,0.12785696983337402,0.041350260358487496,0.0017098440317147023,3,15,0.16666666666666666,0.8333333333333334,0,0.0,1.0,4,11,3,0,0,0.2222222222222222,0.6111111111111112,0.0,0.16666666666666666,0.0,1.0,2.0602489763846963,0.46851515769958496
QUIC_CONNECT5.pcap,172.16.0.29:45997->172.19.0.8:443,18,172.16.0.29,45997,172.19.0.8,443,18,10,8,14028,5773,8255,779.3333333333334,88,1294,579.0571838965667,335307.22222222225,0.7430160614583833,577.3,88,1294,585.3006150688722,342576.81,1.013858678449458,1031.875,100,1294,459.80551255394926,211421.109375,0.44560195038541417,0.026149819878970876,0.0,0.19870901107788086,0.051131005674658926,0.0026143797413020033,0.04748778873019748,0.0,0.19870901107788086,0.06335598900754798,0.00401398134312454,0.02423783711024693,0.00010085105895996094,0.12158203125,0.04228333796769569,0.0017878806696903762,2,16,0.1111111111111111,0.8888888888888888,0,0.0,1.0,4,12,2,0,0,0.2222222222222222,0.6666666666666666,0.0,0.1111111111111111,0.0,0.9910760598382222,1.879964948727111,0.4445469379425049
QUIC_CONNECT5.pcap,172.16.0.61:58472->172.19.0.8:443,18,172.16.0.61,58472,172.19.0.8,443,18,10,8,11561,5766,5795,642.2777777777778,66,1294,586.3695086012607,343829.20061728393,0.9129531316341745,576.6,87,1294,585.8821041813787,343257.83999999997,1.0160979954585132,724.375,66,1294,576.551371843828,332411.484375,0.7959294175583475,0.5534648194032556,2.9087066650390625e-05,8.937588930130005,2.0966373036727766,4.39588798315225,0.052368111080593534,2.9087066650390625e-05,0.19935894012451172,0.06126069653021258,0.003752872939366799,1.3036109719957625,9.393692016601562e-05,8.938933849334717,3.1173362994906104,9.717785604121813,5,13,0.2777777777777778,0.7222222222222222,0,0.0,1.0,4,9,5,0,0,0.2222222222222222,0.5,0.0,0.2777777777777778,0.0,0.9910760598382222,2.30827083453526,9.408901929855347
QUIC_CONNECT5.pcap,172.16.0.47:48619->172.19.0.8:443,18,172.16.0.47,48619,172.19.0.8,443,18,12,6,11788,8601,3187,654.8888888888889,66,1444,604.0379760770095,364861.8765432099,0.9223518467412768,716.75,87,1444,620.5041129329173,385025.3541666667,0.8657190274613427,531.1666666666666,66,1294,549.1576630521411,301574.13888888893,1.0338707180146993,0.03525100034825942,0.0,0.2004377841949463,0.06644145465017146,0.004414466896030789,0.054478818720037285,0.0,0.2004377841949463,0.07610101643051433,0.005791364701757412,0.0559485912322998,8.797645568847656e-05,0.2265000343322754,0.08591240109220677,0.007380940661428212,7,11,0.3888888888888889,0.6111111111111112,0,0.0,1.0,4,7,7,0,0,0.2222222222222222,0.3888888888888889,0.0,0.3888888888888889,0.0,0.9182958340544896,2.8218881955261783,0.5992670059204102
QUIC_CONNECT5.pcap,172.16.0.37:39054->172.19.0.8:443,18,172.16.0.37,39054,172.19.0.8,443,18,12,6,11778,8601,3177,654.3333333333334,66,1444,604.3070411636786,365186.99999999994,0.9235461658130595,716.75,87,1444,620.5041129329173,385025.3541666667,0.8657190274613427,529.5,66,1294,549.668309073754,302135.25,1.0380893466926422,0.034494301852057964,0.0,0.20054912567138672,0.06759931935694088,0.004569667977521682,0.05330937558954412,0.0,0.20054912567138672,0.07792785342680839,0.006072750339710131,0.05158600807189941,9.703636169433594e-05,0.20407700538635254,0.07699848000722066,0.00592876592342236,7,11,0.3888888888888889,0.6111111111111112,0,0.0,1.0,4,7,7,0,0,0.2222222222222222,0.3888888888888889,0.0,0.3888888888888889,0.0,0.9182958340544896,2.8218881955261783,0.5864031314849854
QUIC_CONNECT5.pcap,172.16.0.36:50920->172.19.0.8:443,18,172.16.0.36,50920,172.19.0.8,443,18,12,6,11782,8600,3182,654.5555555555555,66,1444,604.2236729172238,365086.2469135803,0.9231052548387395,716.6666666666666,86,1444,620.5887437658606,385130.38888888893,0.8659377819988753,530.3333333333334,66,1294,549.4098854427559,301851.2222222222,1.0359708713565479,0.034990240545833814,0.0,0.20046496391296387,0.0683677886584018,0.004674154526039894,0.054075826298106804,0.0,0.20046496391296387,0.0787664430464208,0.006204152550185051,0.051482009887695315,9.107589721679688e-05,0.20344281196594238,0.07672723182928234,0.005887068104184438,7,11,0.3888888888888889,0.6111111111111112,0,0.0,1.0,4,7,7,0,0,0.2222222222222222,0.3888888888888889,0.0,0.3888888888888889,0.0,0.9182958340544896,2.8218881955261783,0.5948340892791748
QUIC_CONNECT5.pcap,172.16.0.46:34746->172.19.0.8:443,18,172.16.0.46,34746,172.19.0.8,443,18,11,7,6778,3452,3326,376.55555555555554,88,1294,494.2107312812828,244244.24691358028,1.3124510420571098,313.8181818181818,88,1294,462.2161670949719,213643.78512396698,1.4728788638599917,475.14285714285717,92,1294,525.7624201566518,276426.1224489797,1.1065354603417206,0.02538570235757267,0.0,0.18348002433776855,0.045703889901985775,0.0020888455521728376,0.04091501235961914,0.0,0.18348002433776855,0.05437105801388704,0.0029562119495494697,0.06948713461558025,0.00011992454528808594,0.3658719062805176,0.1333933978543781,0.0177937985911364,2,16,0.1111111111111111,0.8888888888888888,0,0.0,1.0,2,14,2,0,0,0.1111111111111111,0.7777777777777778,0.0,0.1111111111111111,0.0,0.964078764808229,1.879964948727111,0.43155694007873535
QUIC_CONNECT5.pcap,172.16.0.61:35916->172.19.0.8:443,18,172.16.0.61,35916,172.19.0.8,443,18,10,8,6747,3357,3390,374.8333333333333,66,1294,495.17721294726624,245200.47222222228,1.3210597055062683,335.7,87,1294,479.3166072649684,229744.40999999997,1.4278123540809307,423.75,66,1294,510.1112011120712,260213.4375,1.2038022445122625,0.026875706279979032,0.0,0.13280487060546875,0.04196761607174477,0.0017612807987453696,0.05076522297329373,0.0,0.13537096977233887,0.04866958819773112,0.0023687288153367288,0.06204145295279367,9.489059448242188e-05,0.3571929931640625,0.1209859519285568,0.014637600564059055,4,14,0.2222222222222222,0.7777777777777778,0,0.0,1.0,2,12,4,0,0,0.1111111111111111,0.6666666666666666,0.0,0.2222222222222222,0.0,0.9910760598382222,2.2810361125534233,0.45688700675964355
QUIC_CONNECT5.pcap,172.16.0.27:52726->172.19.0.8:443,18,172.16.0.27,52726,172.19.0.8,443,18,9,9,13990,5679,8311,777.2222222222222,66,1294,581.3050027075626,337915.50617283944,0.7479263794664852,631.0,88,1294,593.1306770012827,351804.0,0.9399852250416525,923.4444444444445,66,1294,530.3443558693438,281265.1358024691,0.5743110579742623,0.02682329626644359,0.0,0.19933199882507324,0.05529541937132326,0.003057583403450512,0.05204814672470093,0.0,0.19933199882507324,0.0731093570527654,0.005344978088668739,0.031014859676361084,9.179115295410156e-05,0.17599821090698242,0.05623730836286968,0.003162634851900492,3,15,0.16666666666666666,0.8333333333333334,0,0.0,1.0,4,11,3,0,0,0.2222222222222222,0.6111111111111112,0.0,0.16666666666666666,0.0,1.0,2.0602489763846963,0.455996036529541
QUIC_CONNECT5.pcap,172.16.0.24:35580->172.19.0.8:443,18,172.16.0.24,35580,172.19.0.8,443,18,9,9,14000,5679,8321,777.7777777777778,66,1294,580.9307240737397,337480.5061728395,0.746910930951951,631.0,88,1294,593.1306770012827,351804.0,0.9399852250416525,924.5555555555555,66,1294,529.2160052822605,280069.5802469136,0.5724004383536048,0.02697899762321921,3.0994415283203125e-05,0.19985008239746094,0.054879061476485684,0.0030117113885398954,0.05241626501083374,3.0994415283203125e-05,0.19985008239746094,0.07208310723990076,0.005195974349359034,0.030261099338531494,9.703636169433594e-05,0.1722581386566162,0.05533050615175947,0.0030614649110098924,3,15,0.16666666666666666,0.8333333333333334,0,0.0,1.0,4,11,3,0,0,0.2222222222222222,0.6111111111111112,0.0,0.16666666666666666,0.0,1.0,2.0602489763846963,0.45864295959472656
QUIC_CONNECT5.pcap,172.16.0.52:56050->172.19.0.8:443,18,172.16.0.52,56050,172.19.0.8,443,18,9,9,13990,5679,8311,777.2222222222222,66,1294,581.3050027075626,337915.50617283944,0.7479263794664852,631.0,88,1294,593.1306770012827,351804.0,0.9399852250416525,923.4444444444445,66,1294,530.3443558693438,281265.1358024691,0.5743110579742623,0.02688159662134507,0.0,0.19945502281188965,0.05289194225945205,0.0027975575559772096,0.05223238468170166,0.0,0.19945502281188965,0.0690907295016675,0.004773528903072588,0.028672009706497192,8.702278137207031e-05,0.1576709747314453,0.05040991108793687,0.0025411591358937002,3,15,0.16666666666666666,0.8333333333333334,0,0.0,1.0,4,11,3,0,0,0.2222222222222222,0.6111111111111112,0.0,0.16666666666666666,0.0,1.0,2.0602489763846963,0.4569871425628662
QUIC_CONNECT5.pcap,172.16.0.37:46246->172.19.0.8:443,18,172.16.0.37,46246,172.19.0.8,443,18,9,9,13993,5679,8314,777.3888888888889,66,1294,581.1917965017982,337783.90432098764,0.7476204057051645,631.0,88,1294,593.1306770012827,351804.0,0.9399852250416525,923.7777777777778,66,1294,530.004146268431,280904.39506172837,0.57373554443299,0.026830126257503733,0.0,0.19945502281188965,0.05192406083643457,0.002696108093745758,0.052148133516311646,0.0,0.19945502281188965,0.06739853830981188,0.0045425629662991795,0.027222752571105957,9.107589721679688e-05,0.14751720428466797,0.047186149453807544,0.002226532700277062,3,15,0.16666666666666666,0.8333333333333334,0,0.0,1.0,4,11,3,0,0,0.2222222222222222,0.6111111111111112,0.0,0.16666666666666666,0.0,1.0,2.0602489763846963,0.4561121463775635
QUIC_CONNECT5.pcap,172.16.0.36:39264->172.19.0.8:443,18,172.16.0.36,39264,172.19.0.8,443,18,9,9,14000,5679,8321,777.7777777777778,66,1294,580.9307240737397,337480.5061728395,0.746910930951951,631.0,88,1294,593.1306770012827,351804.0,0.9399852250416525,924.5555555555555,66,1294,529.2160052822605,280069.5802469136,0.5724004383536048,0.02681712543263155,0.0,0.19850897789001465,0.05046771318834747,0.0025469900744613007,0.05196961760520935,0.0,0.19850897789001465,0.06554515848743396,0.004296167801142836,0.026041895151138306,9.393692016601562e-05,0.13498306274414062,0.043005165922391404,0.0018494442960124147,3,15,0.16666666666666666,0.8333333333333334,0,0.0,1.0,4,11,3,0,0,0.2222222222222222,0.6111111111111112,0.0,0.16666666666666666,0.0,1.0,2.0602489763846963,0.45589113235473633
QUIC_CONNECT5.pcap,172.16.0.33:60187->172.19.0.8:443,18,172.16.0.33,60187,172.19.0.8,443,18,9,9,13999,5679,8320,777.7222222222222,66,1294,580.9677563777677,337523.5339506173,0.7470119019072662,631.0,88,1294,593.1306770012827,351804.0,0.9399852250416525,924.4444444444445,66,1294,529.3281089396068,280188.2469135802,0.5725905024587092,0.026968184639425838,0.0,0.19979596138000488,0.050749770092728574,0.0025755391644648076,0.05233561992645264,0.0,0.19979596138000488,0.06542358539692868,0.004280245526189219,0.025245755910873413,9.417533874511719e-05,0.13120388984680176,0.0420591284281008,0.001768970284131477,3,15,0.16666666666666666,0.8333333333333334,0,0.0,1.0,4,11,3,0,0,0.2222222222222222,0.6111111111111112,0.0,0.16666666666666666,0.0,1.0,2.0602489763846963,0.45845913887023926
QUIC_CONNECT5.pcap,172.16.0.60:35180->172.19.0.8:443,18,172.16.0.60,35180,172.19.0.8,443,18,9,9,13991,5679,8312,777.2777777777778,66,1294,581.2671794885871,337871.5339506173,0.7478242606528888,631.0,88,1294,593.1306770012827,351804.0,0.9399852250416525,923.5555555555555,66,1294,530.2307906544326,281144.69135802466,0.5741189985430574,0.026986304451437557,3.409385681152344e-05,0.20001006126403809,0.050724818033305356,0.00257300716451194,0.05250176787376404,3.409385681152344e-05,0.20001006126403809,0.06544602042685402,0.004283181589712193,0.024192392826080322,9.489059448242188e-05,0.12541604042053223,0.040387943947517935,0.0016311860163078507,3,15,0.16666666666666666,0.8333333333333334,0,0.0,1.0,4,11,3,0,0,0.2222222222222222,0.6111111111111112,0.0,0.16666666666666666,0.0,1.0,2.0602489763846963,0.4587671756744385
QUIC_CONNECT5.pcap,172.16.0.41:45052->172.19.0.8:443,18,172.16.0.41,45052,172.19.0.8,443,18,9,9,13998,5679,8319,777.6666666666666,66,1294,581.0048766289889,337566.6666666666,0.7471130003801829,631.0,88,1294,593.1306770012827,351804.0,0.9399852250416525,924.3333333333334,66,1294,529.4403754070056,280307.11111111107,0.5727807883956064,0.026993527131922105,1.7881393432617188e-05,0.20000100135803223,0.050509653209724004,0.002551225067366582,0.05257973074913025,1.7881393432617188e-05,0.20000100135803223,0.0646683367934523,0.004181993783631377,0.023117870092391968,8.797645568847656e-05,0.11732816696166992,0.03788593444001589,0.0014353440283931818,3,15,0.16666666666666666,0.8333333333333334,0,0.0,1.0,4,11,3,0,0,0.2222222222222222,0.6111111111111112,0.0,0.16666666666666666,0.0,1.0,2.0602489763846963,0.4588899612426758
QUIC_CONNECT5.pcap,172.16.0.44:37619->172.19.0.8:443,18,172.16.0.44,37619,172.19.0.8,443,18,9,9,13993,5679,8314,777.3888888888889,66,1294,581.1917965017982,337783.90432098764,0.7476204057051645,631.0,88,1294,593.1306770012827,351804.0,0.9399852250416525,923.7777777777778,66,1294,530.004146268431,280904.39506172837,0.57373554443299,0.027003232170553768,2.3126602172851562e-05,0.20015287399291992,0.05062627291650452,0.0025630195094163985,0.05266812443733215,2.3126602172851562e-05,0.20015287399291992,0.0647120565259274,0.0041876502598148235,0.022047370672225952,8.58306884765625e-05,0.11035418510437012,0.03580530403289932,0.0012820197968883562,3,15,0.16666666666666666,0.8333333333333334,0,0.0,1.0,4,11,3,0,0,0.2222222222222222,0.6111111111111112,0.0,0.16666666666666666,0.0,1.0,2.0602489763846963,0.45905494689941406
QUIC_CONNECT5.pcap,172.16.0.31:46408->172.19.0.8:443,18,172.16.0.31,46408,172.19.0.8,443,18,10,8,11558,5765,5793,642.1111111111111,66,1294,586.4735372346678,343951.2098765432,0.913352108515662,576.5,86,1294,585.9657413194051,343355.85,1.01641932579255,724.125,66,1294,576.7045251903265,332588.109375,0.7964157088766809,0.5485010006848503,0.0,8.865834951400757,2.079939453466431,4.326148130086236,0.050964673360188804,0.0,0.19962215423583984,0.061193287008192813,0.003744618374867059,1.2905134132930212,9.799003601074219e-05,8.86614179611206,3.092916831543887,9.566134526847478,5,13,0.2777777777777778,0.7222222222222222,0,0.0,1.0,4,9,5,0,0,0.2222222222222222,0.5,0.0,0.2777777777777778,0.0,0.9910760598382222,2.30827083453526,9.324517011642456
QUIC_CONNECT5.pcap,172.16.0.25:51770->172.19.0.8:443,18,172.16.0.25,51770,172.19.0.8,443,18,12,6,11779,8600,3179,654.3888888888889,66,1444,604.3047556112073,365184.237654321,0.9234642670007411,716.6666666666666,86,1444,620.5887437658606,385130.38888888893,0.8659377819988753,529.8333333333334,66,1294,549.5641960276848,302020.80555555556,1.0372397534338185,0.03667417694540585,0.0,0.20055603981018066,0.06837623343084427,0.004675309298189306,0.056678273461081764,0.0,0.20055603981018066,0.07819472178923884,0.006114414515696462,0.05627260208129883,9.298324584960938e-05,0.22744011878967285,0.08625763040046255,0.007440378802302802,7,11,0.3888888888888889,0.6111111111111112,0,0.0,1.0,4,7,7,0,0,0.2222222222222222,0.3888888888888889,0.0,0.3888888888888889,0.0,0.9182958340544896,2.8218881955261783,0.6234610080718994
QUIC_CONNECT5.pcap,172.16.0.46:42589->172.19.0.8:443,18,172.16.0.46,42589,172.19.0.8,443,18,11,7,6775,3452,3323,376.3888888888889,88,1294,494.2161176931144,244249.57098765433,1.313046511952186,313.8181818181818,88,1294,462.2161670949719,213643.78512396698,1.4728788638599917,474.7142857142857,92,1294,525.8556875052628,276524.2040816326,1.1077309095807524,0.025630936903112075,0.0,0.18250489234924316,0.04529183939907117,0.002051350716151256,0.04126138687133789,0.0,0.18250489234924316,0.05413446845085021,0.0029305406744560966,0.07013368606567383,0.0001251697540283203,0.35736680030822754,0.12938244130179913,0.016739816117213497,2,16,0.1111111111111111,0.8888888888888888,0,0.0,1.0,2,14,2,0,0,0.1111111111111111,0.7777777777777778,0.0,0.1111111111111111,0.0,0.964078764808229,1.879964948727111,0.4357259273529053
QUIC_CONNECT5.pcap,172.16.0.32:39830->172.19.0.8:443,18,172.16.0.32,39830,172.19.0.8,443,18,10,8,6743,3357,3386,374.6111111111111,66,1294,495.1847173742215,245207.90432098767,1.3218634009692998,335.7,87,1294,479.3166072649684,229744.40999999997,1.4278123540809307,423.25,66,1294,510.1753987600735,260278.9375,1.2053760159718216,0.026912885553696576,0.0,0.13545513153076172,0.040669455878061145,0.0016540046414175624,0.05083545049031576,0.0,0.1399381160736084,0.04769142656779354,0.002274472168071244,0.06239168984549386,0.000102996826171875,0.34812307357788086,0.11712305508397586,0.013717810032204044,4,14,0.2222222222222222,0.7777777777777778,0,0.0,1.0,2,12,4,0,0,0.1111111111111111,0.6666666666666666,0.0,0.2222222222222222,0.0,0.9910760598382222,2.2810361125534233,0.4575190544128418
QUIC_CONNECT5.pcap,172.16.0.54:33180->172.19.0.8:443,18,172.16.0.54,33180,172.19.0.8,443,18,9,9,13993,5679,8314,777.3888888888889,66,1294,581.1917965017982,337783.90432098764,0.7476204057051645,631.0,88,1294,593.1306770012827,351804.0,0.9399852250416525,923.7777777777778,66,1294,530.004146268431,280904.39506172837,0.57373554443299,0.027428711161893958,0.0,0.20051312446594238,0.0557666558193614,0.003109919901275115,0.05274689197540283,0.0,0.20051312446594238,0.07387708381290935,0.005457823512699633,0.03230711817741394,0.00010704994201660156,0.17815399169921875,0.05703261969597855,0.0032527197093861204,3,15,0.16666666666666666,0.8333333333333334,0,0.0,1.0,4,11,3,0,0,0.2222222222222222,0.6111111111111112,0.0,0.16666666666666666,0.0,1.0,2.0602489763846963,0.46628808975219727
QUIC_CONNECT5.pcap,172.16.0.29:47644->172.19.0.8:443,18,172.16.0.29,47644,172.19.0.8,443,18,9,9,13991,5679,8312,777.2777777777778,66,1294,581.2671794885871,337871.5339506173,0.7478242606528888,631.0,88,1294,593.1306770012827,351804.0,0.9399852250416525,923.5555555555555,66,1294,530.2307906544326,281144.69135802466,0.5741189985430574,0.027411404777975643,0.0,0.2003178596496582,0.05426649445614893,0.0029448524205592424,0.05265313386917114,0.0,0.2003178596496582,0.07134313402146678,0.005089842772004971,0.03112924098968506,0.00011110305786132812,0.168226957321167,0.053780203293895636,0.0028923102663327427,3,15,0.16666666666666666,0.8333333333333334,0,0.0,1.0,4,11,3,0,0,0.2222222222222222,0.6111111111111112,0.0,0.16666666666666666,0.0,1.0,2.0602489763846963,0.46599388122558594
QUIC_CONNECT5.pcap,172.16.0.27:42958->172.19.0.8:443,18,172.16.0.27,42958,172.19.0.8,443,18,9,9,13989,5679,8310,777.1666666666666,66,1294,581.3429137207517,337959.5833333333,0.748028625846989,631.0,88,1294,593.1306770012827,351804.0,0.9399852250416525,923.3333333333334,66,1294,530.4580829601692,281385.77777777775,0.5745033389460317,0.027437182033763212,0.0,0.20064592361450195,0.05354482951026212,0.002867048767283037,0.0528394877910614,0.0,0.20064592361450195,0.06998647383455961,0.004898106519795498,0.030007392168045044,0.00010013580322265625,0.16194486618041992,0.051942391669298225,0.0026980120523267814,3,15,0.16666666666666666,0.8333333333333334,0,0.0,1.0,4,11,3,0,0,0.2222222222222222,0.6111111111111112,0.0,0.16666666666666666,0.0,1.0,2.0602489763846963,0.4664320945739746
QUIC_CONNECT5.pcap,172.16.0.24:55332->172.19.0.8:443,18,172.16.0.24,55332,172.19.0.8,443,18,9,9,13992,5679,8313,777.3333333333334,66,1294,581.2294440809642,337827.6666666666,0.7477222694008973,631.0,88,1294,593.1306770012827,351804.0,0.9399852250416525,923.6666666666666,66,1294,530.11738741947,281024.44444444444,0.5739271606850993,0.027384407380047965,3.695487976074219e-05,0.19958281517028809,0.052613856543048364,0.002768217900332473,0.05277922749519348,3.695487976074219e-05,0.19958281517028809,0.06860180144974475,0.0047062071621502,0.028879880905151367,0.00011205673217773438,0.15413403511047363,0.049503171441888094,0.0024505639828049652,3,15,0.16666666666666666,0.8333333333333334,0,0.0,1.0,4,11,3,0,0,0.2222222222222222,0.6111111111111112,0.0,0.16666666666666666,0.0,1.0,2.0602489763846963,0.46553492546081543
QUIC_CONNECT5.pcap,172.16.0.51:54273->172.19.0.8:443,18,172.16.0.51,54273,172.19.0.8,443,18,9,9,13994,5679,8315,777.4444444444445,66,1294,581.154236768158,337740.2469135802,0.7475186695603003,631.0,88,1294,593.1306770012827,351804.0,0.9399852250416525,923.8888888888889,66,1294,529.8910673052308,280784.5432098766,0.5735441498192516,0.02739569720099954,0.0,0.19979381561279297,0.05195141950454837,0.0026989499885375686,0.052863627672195435,0.0,0.19979381561279297,0.06719606191626379,0.004515310737054357,0.027784228324890137,0.000102996826171875,0.14702796936035156,0.0473804506423941,0.0022449071030763434,3,15,0.16666666666666666,0.8333333333333334,0,0.0,1.0,4,11,3,0,0,0.2222222222222222,0.6111111111111112,0.0,0.16666666666666666,0.0,1.0,2.0602489763846963,0.4657268524169922
QUIC_CONNECT5.pcap,172.16.0.49:59524->172.19.0.8:443,18,172.16.0.49,59524,172.19.0.8,443,18,10,8,14018,5773,8245,778.7777777777778,88,1294,579.4341641785406,335743.95061728393,0.7440301722937459,577.3,88,1294,585.3006150688722,342576.81,1.013858678449458,1030.625,100,1294,461.5563176634028,213034.234375,0.4478411814805606,0.02599911128773409,3.4809112548828125e-05,0.19982194900512695,0.051490840913833234,0.002651306698013683,0.047147777345445424,3.4809112548828125e-05,0.19982194900512695,0.06403822460613724,0.004100894210706081,0.026057413646153042,9.393692016601562e-05,0.13329005241394043,0.04618695728566138,0.0021332350233075085,2,16,0.1111111111111111,0.8888888888888888,0,0.0,1.0,4,12,2,0,0,0.2222222222222222,0.6666666666666666,0.0,0.1111111111111111,0.0,0.9910760598382222,1.879964948727111,0.4419848918914795
QUIC_CONNECT5.pcap,172.16.0.31:59328->172.19.0.8:443,18,172.16.0.31,59328,172.19.0.8,443,18,9,9,13997,5679,8318,777.6111111111111,66,1294,581.0420848105476,337609.90432098764,0.7472142263763561,631.0,88,1294,593.1306770012827,351804.0,0.9399852250416525,924.2222222222222,66,1294,529.5528045809087,280426.1728395062,0.5729712961322648,0.027410282808191636,0.0,0.19982194900512695,0.05061195715148917,0.0025615702067041755,0.05295899510383606,0.0,0.19982194900512695,0.06484572505359906,0.0042049680577269655,0.02472248673439026,0.0001049041748046875,0.12393307685852051,0.04021585244959316,0.0016173147882474481,3,15,0.16666666666666666,0.8333333333333334,0,0.0,1.0,4,11,3,0,0,0.2222222222222222,0.6111111111111112,0.0,0.16666666666666666,0.0,1.0,2.0602489763846963,0.4659748077392578
QUIC_CONNECT5.pcap,172.16.0.61:53988->172.19.0.8:443,18,172.16.0.61,53988,172.19.0.8,443,18,10,8,14018,5773,8245,778.7777777777778,88,1294,579.4341641785406,335743.95061728393,0.7440301722937459,577.3,88,1294,585.3006150688722,342576.81,1.013858678449458,1030.625,100,1294,461.5563176634028,213034.234375,0.4478411814805606,0.026013879215016085,0.0,0.20004796981811523,0.051041277876714974,0.0026052120472880337,0.047218534681532115,0.0,0.20004796981811523,0.06321330349627827,0.003995921738912587,0.02237956864493234,9.989738464355469e-05,0.10902118682861328,0.03822088815388637,0.0014608362912718915,2,16,0.1111111111111111,0.8888888888888888,0,0.0,1.0,4,12,2,0,0,0.2222222222222222,0.6666666666666666,0.0,0.1111111111111111,0.0,0.9910760598382222,1.879964948727111,0.44223594665527344
QUIC_CONNECT5.pcap,172.16.0.56:34608->172.19.0.8:443,18,172.16.0.56,34608,172.19.0.8,443,18,12,6,11787,8601,3186,654.8333333333334,66,1444,604.0644971082696,364893.9166666667,0.9224705987909436,716.75,87,1444,620.5041129329173,385025.3541666667,0.8657190274613427,531.0,66,1294,549.20761101791,301629.0,1.0342892862860829,0.0359643627615536,0.0,0.2006058692932129,0.06744825400674771,0.004549266968558759,0.05558128790421919,0.0,0.2006058692932129,0.07717210132158488,0.005955533222388961,0.05601320266723633,0.00010704994201660156,0.22698092460632324,0.08613956171307648,0.007420024092120911,7,11,0.3888888888888889,0.6111111111111112,0,0.0,1.0,4,7,7,0,0,0.2222222222222222,0.3888888888888889,0.0,0.3888888888888889,0.0,0.9182958340544896,2.8218881955261783,0.6113941669464111
QUIC_CONNECT5.pcap,172.16.0.39:37120->172.19.0.8:443,18,172.16.0.39,37120,172.19.0.8,443,18,10,8,14019,5773,8246,778.8333333333334,88,1294,579.3960696756197,335699.80555555556,0.7439281870433807,577.3,88,1294,585.3006150688722,342576.81,1.013858678449458,1030.75,100,1294,461.3804693525724,212871.9375,0.44761626907841123,0.02625888936659869,0.0,0.2004690170288086,0.056998957325118504,0.00324888113615068,0.047698789172702365,0.0,0.2004690170288086,0.07239104818063674,0.00524046385669127,0.03426057951790946,0.0001010894775390625,0.1846458911895752,0.0632934563975445,0.004006061622747865,2,16,0.1111111111111111,0.8888888888888888,0,0.0,1.0,4,12,2,0,0,0.2222222222222222,0.6666666666666666,0.0,0.1111111111111111,0.0,0.9910760598382222,1.879964948727111,0.44640111923217773
QUIC_CONNECT5.pcap,172.16.0.56:39085->172.19.0.8:443,18,172.16.0.56,39085,172.19.0.8,443,18,9,9,13994,5679,8315,777.4444444444445,66,1294,581.154236768158,337740.2469135802,0.7475186695603003,631.0,88,1294,593.1306770012827,351804.0,0.9399852250416525,923.8888888888889,66,1294,529.8910673052308,280784.5432098766,0.5735441498192516,0.02773753334494198,0.0,0.20062518119812012,0.05588896649157417,0.0031235765754963002,0.0538753867149353,0.0,0.20062518119812012,0.07339477311902562,0.005386792721193245,0.031840741634368896,8.988380432128906e-05,0.1790761947631836,0.05725560331786831,0.0032782041112930926,3,15,0.16666666666666666,0.8333333333333334,0,0.0,1.0,4,11,3,0,0,0.2222222222222222,0.6111111111111112,0.0,0.16666666666666666,0.0,1.0,2.0602489763846963,0.47153806686401367
QUIC_CONNECT5.pcap,172.16.0.29:40840->172.19.0.8:443,18,172.16.0.29,40840,172.19.0.8,443,18,11,7,14014,5867,8147,778.5555555555555,88,1294,579.7501590457567,336110.2469135802,0.7446484132170417,533.3636363636364,88,1294,575.0978213593156,330737.50413223135,1.078247151006046,1163.857142857143,383,1294,318.783593667925,101622.97959183673,0.2739026826654566,0.025313363355748793,0.0,0.2005620002746582,0.05495748348710277,0.0030203249912351734,0.043032717704772946,0.0,0.2005620002746582,0.06653002369036706,0.004426244052240803,0.03032386302947998,0.00014710426330566406,0.16802501678466797,0.06166502657227049,0.003802575502158826,1,17,0.05555555555555555,0.9444444444444444,0,0.0,1.0,4,13,1,0,0,0.2222222222222222,0.7222222222222222,0.0,0.05555555555555555,0.0,0.964078764808229,1.6794293668139548,0.4303271770477295
QUIC_CONNECT5.pcap,172.16.0.53:60056->172.19.0.8:443,18,172.16.0.53,60056,172.19.0.8,443,18,10,8,14028,5773,8255,779.3333333333334,88,1294,579.0571838965667,335307.22222222225,0.7430160614583833,577.3,88,1294,585.3006150688722,342576.81,1.013858678449458,1031.875,100,1294,459.80551255394926,211421.109375,0.44560195038541417,0.02623147123000201,0.0,0.20052194595336914,0.053461480685085105,0.0028581299170417278,0.04772700203789605,0.0,0.20052194595336914,0.06706182539166775,0.004497288424862533,0.030135835920061384,9.202957153320312e-05,0.15778589248657227,0.05369911094613776,0.0028835945164056125,2,16,0.1111111111111111,0.8888888888888888,0,0.0,1.0,4,12,2,0,0,0.2222222222222222,0.6666666666666666,0.0,0.1111111111111111,0.0,0.9910760598382222,1.879964948727111,0.4459350109100342
QUIC_CONNECT5.pcap,172.16.0.54:38299->172.19.0.8:443,18,172.16.0.54,38299,172.19.0.8,443,18,11,7,14022,5867,8155,779.0,88,1294,579.449738976557,335762.0,0.7438379190969923,533.3636363636364,88,1294,575.0978213593156,330737.50413223135,1.078247151006046,1165.0,391,1294,315.98417681903,99846.0,0.27123105306354506,0.02513553114498363,0.0,0.1988670825958252,0.05546914547508799,0.003076826099736474,0.042730402946472165,0.0,0.1988670825958252,0.067321853481147,0.004532231956137024,0.027228832244873047,0.00011706352233886719,0.14778590202331543,0.05408618287059405,0.0029253151775113415,1,17,0.05555555555555555,0.9444444444444444,0,0.0,1.0,4,13,1,0,0,0.2222222222222222,0.7222222222222222,0.0,0.05555555555555555,0.0,0.964078764808229,1.6794293668139548,0.4273040294647217
QUIC_CONNECT5.pcap,172.16.0.27:44620->172.19.0.8:443,18,172.16.0.27,44620,172.19.0.8,443,18,9,9,13990,5679,8311,777.2222222222222,66,1294,581.3050027075626,337915.50617283944,0.7479263794664852,631.0,88,1294,593.1306770012827,351804.0,0.9399852250416525,923.4444444444445,66,1294,530.3443558693438,281265.1358024691,0.5743110579742623,0.027302938349106732,0.0,0.19950294494628906,0.05198016593517404,0.0027019376506482277,0.05305948853492737,0.0,0.19950294494628906,0.06715933067973107,0.004510375697349467,0.02730610966682434,8.988380432128906e-05,0.14665889739990234,0.047029137663881976,0.0022117397894083624,3,15,0.16666666666666666,0.8333333333333334,0,0.0,1.0,4,11,3,0,0,0.2222222222222222,0.6111111111111112,0.0,0.16666666666666666,0.0,1.0,2.0602489763846963,0.46414995193481445
QUIC_CONNECT5.pcap,172.16.0.51:49743->172.19.0.8:443,18,172.16.0.51,49743,172.19.0.8,443,18,9,9,13992,5679,8313,777.3333333333334,66,1294,581.2294440809642,337827.6666666666,0.7477222694008973,631.0,88,1294,593.1306770012827,351804.0,0.9399852250416525,923.6666666666666,66,1294,530.11738741947,281024.44444444444,0.5739271606850993,0.027315588558421415,0.0,0.19959306716918945,0.05149049599660716,0.002651271177976618,0.05315351486206055,0.0,0.19959306716918945,0.06623891263605784,0.0043875935472073024,0.026232630014419556,0.0001010894775390625,0.13914799690246582,0.044698499961094235,0.0019979558987719415,3,15,0.16666666666666666,0.8333333333333334,0,0.0,1.0,4,11,3,0,0,0.2222222222222222,0.6111111111111112,0.0,0.16666666666666666,0.0,1.0,2.0602489763846963,0.46436500549316406
QUIC_CONNECT5.pcap,172.16.0.30:57998->172.19.0.8:443,18,172.16.0.30,57998,172.19.0.8,443,18,9,9,13990,5679,8311,777.2222222222222,66,1294,581.3050027075626,337915.50617283944,0.7479263794664852,631.0,88,1294,593.1306770012827,351804.0,0.9399852250416525,923.4444444444445,66,1294,530.3443558693438,281265.1358024691,0.5743110579742623,0.02732411552877987,0.0,0.1997361183166504,0.05109098647527132,0.0026102888990163567,0.05324888229370117,0.0,0.1997361183166504,0.06586083875455237,0.004337650081453148,0.025111496448516846,9.202957153320312e-05,0.13149499893188477,0.04230362281174736,0.0017895965029985916,3,15,0.16666666666666666,0.8333333333333334,0,0.0,1.0,4,11,3,0,0,0.2222222222222222,0.6111111111111112,0.0,0.16666666666666666,0.0,1.0,2.0602489763846963,0.4645099639892578
QUIC_CONNECT5.pcap,172.16.0.57:49341->172.19.0.8:443,18,172.16.0.57,49341,172.19.0.8,443,18,9,9,13994,5679,8315,777.4444444444445,66,1294,581.154236768158,337740.2469135802,0.7475186695603003,631.0,88,1294,593.1306770012827,351804.0,0.9399852250416525,923.8888888888889,66,1294,529.8910673052308,280784.5432098766,0.5735441498192516,0.02735446481143727,1.5020370483398438e-05,0.19920110702514648,0.05077576193379921,0.0025781779999578523,0.05327749252319336,1.5020370483398438e-05,0.19920110702514648,0.06494195687003657,0.004217457762109689,0.02412286400794983,9.202957153320312e-05,0.12381505966186523,0.03995064867516892,0.0015960543295667762,3,15,0.16666666666666666,0.8333333333333334,0,0.0,1.0,4,11,3,0,0,0.2222222222222222,0.6111111111111112,0.0,0.16666666666666666,0.0,1.0,2.0602489763846963,0.4650259017944336
QUIC_CONNECT5.pcap,172.16.0.40:48569->172.19.0.8:443,18,172.16.0.40,48569,172.19.0.8,443,18,9,9,13990,5679,8311,777.2222222222222,66,1294,581.3050027075626,337915.50617283944,0.7479263794664852,631.0,88,1294,593.1306770012827,351804.0,0.9399852250416525,923.4444444444445,66,1294,530.3443558693438,281265.1358024691,0.5743110579742623,0.027359527700087604,0.0,0.19928598403930664,0.05073736053857021,0.0025742797544208613,0.05339723825454712,0.0,0.19928598403930664,0.06481553497232145,0.004201053573748226,0.022956371307373047,0.00010991096496582031,0.11585211753845215,0.037526788821527546,0.0014082598792555245,3,15,0.16666666666666666,0.8333333333333334,0,0.0,1.0,4,11,3,0,0,0.2222222222222222,0.6111111111111112,0.0,0.16666666666666666,0.0,1.0,2.0602489763846963,0.46511197090148926
QUIC_CONNECT5.pcap,172.16.0.37:55130->172.19.0.8:443,18,172.16.0.37,55130,172.19.0.8,443,18,12,6,11779,8600,3179,654.3888888888889,66,1444,604.3047556112073,365184.237654321,0.9234642670007411,716.6666666666666,86,1444,620.5887437658606,385130.38888888893,0.8659377819988753,529.8333333333334,66,1294,549.5641960276848,302020.80555555556,1.0372397534338185,0.036824703216552734,0.0,0.20050907135009766,0.06869891079885494,0.004719540344949029,0.05691090497103604,0.0,0.20050907135009766,0.07854549762655083,0.006169395197402503,0.056087398529052736,0.00011706352233886719,0.22679400444030762,0.0860241432713605,0.007400153225571558,7,11,0.3888888888888889,0.6111111111111112,0,0.0,1.0,4,7,7,0,0,0.2222222222222222,0.3888888888888889,0.0,0.3888888888888889,0.0,0.9182958340544896,2.8218881955261783,0.6260199546813965
QUIC_CONNECT5.pcap,172.16.0.46:44576->172.19.0.8:443,18,172.16.0.46,44576,172.19.0.8,443,18,11,7,6768,3452,3316,376.0,88,1294,494.2324014739085,244265.66666666666,1.314447876260395,313.8181818181818,88,1294,462.2161670949719,213643.78512396698,1.4728788638599917,473.7142857142857,92,1294,526.0813935628794,276761.6326530612,1.1105457644572243,0.02691463863148409,0.0,0.17748188972473145,0.04465911188465341,0.001994436274325991,0.04008939266204834,0.0,0.17748188972473145,0.05261152858911456,0.0027679729404832187,0.07384316126505534,0.00010895729064941406,0.34342217445373535,0.12395251743801451,0.01536422657922129,2,16,0.1111111111111111,0.8888888888888888,0,0.0,1.0,2,14,2,0,0,0.1111111111111111,0.7777777777777778,0.0,0.1111111111111111,0.0,0.964078764808229,1.879964948727111,0.4575488567352295
QUIC_CONNECT5.pcap,172.16.0.25:39960->172.19.0.8:443,18,172.16.0.25,39960,172.19.0.8,443,18,10,8,6744,3357,3387,374.6666666666667,66,1294,495.18268233944616,245205.88888888885,1.3216619635394469,335.7,87,1294,479.3166072649684,229744.40999999997,1.4278123540809307,423.375,66,1294,510.15902851463875,260262.234375,1.2049814668193417,0.027866293402279124,0.0,0.12742090225219727,0.039095688263852964,0.0015284728408243705,0.05263633198208279,0.0,0.12742090225219727,0.04524156718328624,0.002046799401199802,0.06449627876281738,0.00010204315185546875,0.3347659111022949,0.11196419244365473,0.012535980389559751,4,14,0.2222222222222222,0.7777777777777778,0,0.0,1.0,2,12,4,0,0,0.1111111111111111,0.6666666666666666,0.0,0.2222222222222222,0.0,0.9910760598382222,2.2810361125534233,0.4737269878387451
QUIC_CONNECT5.pcap,172.16.0.61:57281->172.19.0.8:443,18,172.16.0.61,57281,172.19.0.8,443,18,10,8,14021,5773,8248,778.9444444444445,88,1294,579.3201448654393,335611.83024691354,0.7437245993565299,577.3,88,1294,585.3006150688722,342576.81,1.013858678449458,1031.0,100,1294,461.0292832348071,212548.0,0.4471671030405501,0.026688112932093003,0.0,0.20063185691833496,0.05396989090115681,0.0029127491238827683,0.04812799559699164,0.0,0.20063185691833496,0.06772288644522795,0.00458638934847324,0.035288844789777486,0.000102996826171875,0.16318607330322266,0.05795853797695262,0.0033591921244258594,2,16,0.1111111111111111,0.8888888888888888,0,0.0,1.0,4,12,2,0,0,0.2222222222222222,0.6666666666666666,0.0,0.1111111111111111,0.0,0.9910760598382222,1.879964948727111,0.45369791984558105
QUIC_CONNECT5.pcap,172.16.0.45:38536->172.19.0.8:443,18,172.16.0.45,38536,172.19.0.8,443,18,10,8,14020,5773,8247,778.8888888888889,88,1294,579.3580632321421,335655.7654320987,0.7438263293993265,577.3,88,1294,585.3006150688722,342576.81,1.013858678449458,1030.875,100,1294,461.20479114488825,212709.859375,0.4473915762288233,0.026680693906896254,9.5367431640625e-07,0.200516939163208,0.05297734507784343,0.0028065990914969015,0.0481673346625434,9.5367431640625e-07,0.200516939163208,0.06609326461285646,0.004368319627185063,0.0340665408543178,9.799003601074219e-05,0.15587997436523438,0.05573958657860017,0.003106901511953264,2,16,0.1111111111111111,0.8888888888888888,0,0.0,1.0,4,12,2,0,0,0.2222222222222222,0.6666666666666666,0.0,0.1111111111111111,0.0,0.9910760598382222,1.879964948727111,0.45357179641723633
QUIC_CONNECT5.pcap,172.16.0.54:46153->172.19.0.8:443,18,172.16.0.54,46153,172.19.0.8,443,18,10,8,14029,5773,8256,779.3888888888889,88,1294,579.019970763712,335264.12654320983,0.7429153520384072,577.3,88,1294,585.3006150688722,342576.81,1.013858678449458,1032.0,100,1294,459.6313740379349,211261.0,0.44537923840885163,0.026707060196820426,0.0,0.20060086250305176,0.052299051113743625,0.0027351907473979684,0.04839322302076551,0.0,0.20060086250305176,0.06486870776863873,0.0042079492475730505,0.03289243153163365,0.00010013580322265625,0.14997291564941406,0.05410548421300956,0.0029274034219242263,2,16,0.1111111111111111,0.8888888888888888,0,0.0,1.0,4,12,2,0,0,0.2222222222222222,0.6666666666666666,0.0,0.1111111111111111,0.0,0.9910760598382222,1.879964948727111,0.45402002334594727
QUIC_CONNECT5.pcap,172.16.0.28:50499->172.19.0.8:443,18,172.16.0.28,50499,172.19.0.8,443,18,10,8,14026,5773,8253,779.2222222222222,88,1294,579.1318747876529,335393.72839506174,0.7432178629814454,577.3,88,1294,585.3006150688722,342576.81,1.013858678449458,1031.625,100,1294,460.1543049619334,211741.984375,0.44604803582884617,0.02669210994944853,0.0,0.20053386688232422,0.053796516701140926,0.0028940652091761347,0.048282093471950956,0.0,0.20053386688232422,0.06739835844371703,0.004542538720907763,0.0315751348223005,9.894371032714844e-05,0.1395401954650879,0.050657163162267996,0.0025661481796486417,2,16,0.1111111111111111,0.8888888888888888,0,0.0,1.0,4,12,2,0,0,0.2222222222222222,0.6666666666666666,0.0,0.1111111111111111,0.0,0.9910760598382222,1.879964948727111,0.453765869140625
QUIC_CONNECT5.pcap,172.16.0.42:60193->172.19.0.8:443,18,172.16.0.42,60193,172.19.0.8,443,18,10,8,14018,5773,8245,778.7777777777778,88,1294,579.4341641785406,335743.95061728393,0.7440301722937459,577.3,88,1294,585.3006150688722,342576.81,1.013858678449458,1030.625,100,1294,461.5563176634028,213034.234375,0.4478411814805606,0.026657525230856502,0.0,0.19897794723510742,0.050494957285105814,0.0025497407112246608,0.04830765724182129,0.0,0.19897794723510742,0.062099241542961106,0.0038563158002110263,0.030501127243041992,9.703636169433594e-05,0.13369512557983398,0.04915502469496069,0.0024162164527621955,2,16,0.1111111111111111,0.8888888888888888,0,0.0,1.0,4,12,2,0,0,0.2222222222222222,0.6666666666666666,0.0,0.1111111111111111,0.0,0.9910760598382222,1.879964948727111,0.45317792892456055
QUIC_CONNECT5.pcap,172.16.0.41:43784->172.19.0.8:443,18,172.16.0.41,43784,172.19.0.8,443,18,10,8,14020,5773,8247,778.8888888888889,88,1294,579.3580632321421,335655.7654320987,0.7438263293993265,577.3,88,1294,585.3006150688722,342576.81,1.013858678449458,1030.875,100,1294,461.20479114488825,212709.859375,0.4473915762288233,0.02667993657729205,0.0,0.19913101196289062,0.05023037944678061,0.0025230910193675604,0.04839412371317545,0.0,0.19913101196289062,0.061648609213959066,0.0038005510180154386,0.02932442937578474,0.00010991096496582031,0.12644410133361816,0.04708434515317614,0.002216935558503421,2,16,0.1111111111111111,0.8888888888888888,0,0.0,1.0,4,12,2,0,0,0.2222222222222222,0.6666666666666666,0.0,0.1111111111111111,0.0,0.9910760598382222,1.879964948727111,0.45355892181396484
QUIC_CONNECT5.pcap,172.16.0.27:54996->172.19.0.8:443,18,172.16.0.27,54996,172.19.0.8,443,18,10,8,14026,5773,8253,779.2222222222222,88,1294,579.1318747876529,335393.72839506174,0.7432178629814454,577.3,88,1294,585.3006150688722,342576.81,1.013858678449458,1031.625,100,1294,460.1543049619334,211741.984375,0.44604803582884617,0.02654100866878734,0.0,0.1976759433746338,0.0489782093021598,0.0023988649864461727,0.04778954717848036,0.0,0.1976759433746338,0.060281106316125106,0.003633811778695978,0.0227527277810233,9.989738464355469e-05,0.0741729736328125,0.03167579831509045,0.0010033561988982871,2,16,0.1111111111111111,0.8888888888888888,0,0.0,1.0,4,12,2,0,0,0.2222222222222222,0.6666666666666666,0.0,0.1111111111111111,0.0,0.9910760598382222,1.879964948727111,0.45119714736938477
QUIC_CONNECT5.pcap,172.16.0.55:50927->172.19.0.8:443,18,172.16.0.55,50927,172.19.0.8,443,18,12,6,11778,8601,3177,654.3333333333334,66,1444,604.3070411636786,365186.99999999994,0.9235461658130595,716.75,87,1444,620.5041129329173,385025.3541666667,0.8657190274613427,529.5,66,1294,549.668309073754,302135.25,1.0380893466926422,0.03515247737660127,1.5020370483398438e-05,0.2004549503326416,0.06637283092989901,0.004405352685648959,0.05432655594565652,1.5020370483398438e-05,0.2004549503326416,0.07604390084656223,0.005782674855961789,0.05592703819274902,0.0001850128173828125,0.2263810634613037,0.08587334927347426,0.007374232115444102,7,11,0.3888888888888889,0.6111111111111112,0,0.0,1.0,4,7,7,0,0,0.2222222222222222,0.3888888888888889,0.0,0.3888888888888889,0.0,0.9182958340544896,2.8218881955261783,0.5975921154022217
QUIC_CONNECT5.pcap,172.16.0.46:52177->172.19.0.8:443,18,172.16.0.46,52177,172.19.0.8,443,18,10,8,6771,3364,3407,376.1666666666667,91,1294,494.3394301714381,244371.47222222213,1.3141500137477309,336.4,91,1294,478.9559896274396,229398.84000000003,1.4237692914014257,425.875,92,1294,508.56622909410726,258639.609375,1.194167840549709,0.024809598922729492,0.0,0.17649221420288086,0.04591902453658728,0.0021085568143917044,0.044145663579305015,0.0,0.17649221420288086,0.056369824777328936,0.003177557145426767,0.058296033314296176,0.00010013580322265625,0.38152408599853516,0.1321455371606795,0.017462442991484525,0,18,0.0,1.0,0,0.0,1.0,2,16,0,0,0,0.1111111111111111,0.8888888888888888,0.0,0.0,0.0,0.9910760598382222,1.3355055565170972,0.42176318168640137
QUIC_CONNECT5.pcap,172.16.0.37:43273->172.19.0.8:443,18,172.16.0.37,43273,172.19.0.8,443,18,10,8,13696,5766,7930,760.8888888888889,66,1294,596.1492998019213,355393.987654321,0.7834906101368708,576.6,87,1294,585.8821041813787,343257.83999999997,1.0160979954585132,991.25,66,1294,524.4472685599574,275044.9375,0.529076689593904,0.027858355466057274,2.6941299438476562e-05,0.19572210311889648,0.061293884560546755,0.0037569402845216322,0.05262133810255262,2.6941299438476562e-05,0.19572210311889648,0.0773388036200705,0.00598129054538383,0.03898712566920689,9.608268737792969e-05,0.19449901580810547,0.06611399933029374,0.004371060907446082,4,14,0.2222222222222222,0.7777777777777778,0,0.0,1.0,4,10,4,0,0,0.2222222222222222,0.5555555555555556,0.0,0.2222222222222222,0.0,0.9910760598382222,1.949137865273585,0.47359204292297363
QUIC_CONNECT5.pcap,172.16.0.43:49264->172.19.0.8:443,18,172.16.0.43,49264,172.19.0.8,443,18,10,8,14029,5773,8256,779.3888888888889,88,1294,579.019970763712,335264.12654320983,0.7429153520384072,577.3,88,1294,585.3006150688722,342576.81,1.013858678449458,1032.0,100,1294,459.6313740379349,211261.0,0.44537923840885163,0.026369655833524817,0.0,0.19636893272399902,0.05671483569634557,0.003216572588063474,0.04803866810268826,0.0,0.19636893272399902,0.0718501040815582,0.005162437456530746,0.03417543002537319,9.393692016601562e-05,0.18754005432128906,0.06414421728296875,0.004114480610844707,2,16,0.1111111111111111,0.8888888888888888,0,0.0,1.0,4,12,2,0,0,0.2222222222222222,0.6666666666666666,0.0,0.1111111111111111,0.0,0.9910760598382222,1.879964948727111,0.4482841491699219
QUIC_CONNECT5.pcap,172.16.0.41:41340->172.19.0.8:443,18,172.16.0.41,41340,172.19.0.8,443,18,10,8,13695,5765,7930,760.8333333333334,66,1294,596.2121406568863,355468.9166666667,0.7836304148830926,576.5,86,1294,585.9657413194051,343355.85,1.01641932579255,991.25,66,1294,524.4472685599574,275044.9375,0.529076689593904,0.02788747058195226,0.0,0.19636893272399902,0.05837619330031541,0.00340777994423579,0.05267633332146539,0.0,0.19636893272399902,0.07299992000672995,0.005328988320988971,0.03618529864719936,9.202957153320312e-05,0.1767730712890625,0.06008466844077966,0.0036101673816384228,4,14,0.2222222222222222,0.7777777777777778,0,0.0,1.0,4,10,4,0,0,0.2222222222222222,0.5555555555555556,0.0,0.2222222222222222,0.0,0.9910760598382222,1.949137865273585,0.4740869998931885
QUIC_CONNECT5.pcap,172.16.0.48:37734->172.19.0.8:443,18,172.16.0.48,37734,172.19.0.8,443,18,10,8,14018,5773,8245,778.7777777777778,88,1294,579.4341641785406,335743.95061728393,0.7440301722937459,577.3,88,1294,585.3006150688722,342576.81,1.013858678449458,1030.625,100,1294,461.5563176634028,213034.234375,0.4478411814805606,0.026467112933888155,0.0,0.19671201705932617,0.054389759979659696,0.0029582459906449914,0.0484167734781901,0.0,0.19671201705932617,0.06813789867457751,0.004642773235786991,0.031052112579345703,9.512901306152344e-05,0.16948699951171875,0.0584115884757044,0.0034119136682550432,2,16,0.1111111111111111,0.8888888888888888,0,0.0,1.0,4,12,2,0,0,0.2222222222222222,0.6666666666666666,0.0,0.1111111111111111,0.0,0.9910760598382222,1.879964948727111,0.44994091987609863
QUIC_CONNECT5.pcap,172.16.0.50:46956->172.19.0.8:443,18,172.16.0.50,46956,172.19.0.8,443,18,10,8,14022,5773,8249,779.0,88,1294,579.2823145928072,335568.0,0.7436229969098938,577.3,88,1294,585.3006150688722,342576.81,1.013858678449458,1031.125,100,1294,460.85394581689326,212386.359375,0.44694284962239617,0.02648611629710478,3.0994415283203125e-05,0.19682002067565918,0.053439421668201335,0.002855771788231826,0.04849002096388075,3.0994415283203125e-05,0.19682002067565918,0.06648556985960626,0.004420330999556583,0.029706546238490512,9.512901306152344e-05,0.16087698936462402,0.055542969916819056,0.0030850215071806667,2,16,0.1111111111111111,0.8888888888888888,0,0.0,1.0,4,12,2,0,0,0.2222222222222222,0.6666666666666666,0.0,0.1111111111111111,0.0,0.9910760598382222,1.879964948727111,0.45026397705078125
QUIC_CONNECT5.pcap,172.16.0.24:50295->172.19.0.8:443,18,172.16.0.24,50295,172.19.0.8,443,18,11,7,14013,5867,8146,778.5,88,1294,579.7881078463062,336154.25,0.7447502990960901,533.3636363636364,88,1294,575.0978213593156,330737.50413223135,1.078247151006046,1163.7142857142858,382,1294,319.1335207740369,101846.20408163265,0.2742370053300096,0.025536481071920955,0.0,0.19643712043762207,0.052414685625638814,0.0027472992692345478,0.04341201782226563,0.0,0.19643712043762207,0.06303664670063322,0.003973618827260453,0.025995333989461262,0.00011587142944335938,0.1479790210723877,0.054587216325162786,0.002979764186130119,1,17,0.05555555555555555,0.9444444444444444,0,0.0,1.0,4,13,1,0,0,0.2222222222222222,0.7222222222222222,0.0,0.05555555555555555,0.0,0.964078764808229,1.6794293668139548,0.43412017822265625
QUIC_CONNECT5.pcap,172.16.0.25:36127->172.19.0.8:443,18,172.16.0.25,36127,172.19.0.8,443,18,9,9,13989,5679,8310,777.1666666666666,66,1294,581.3429137207517,337959.5833333333,0.748028625846989,631.0,88,1294,593.1306770012827,351804.0,0.9399852250416525,923.3333333333334,66,1294,530.4580829601692,281385.77777777775,0.5745033389460317,0.027785245110006893,0.0,0.19594407081604004,0.05045208381591978,0.0025454127613685944,0.05395275354385376,0.0,0.19594407081604004,0.06498627032682974,0.004223215330991792,0.026538759469985962,9.107589721679688e-05,0.13505101203918457,0.04326439550950044,0.0018718079188024817,3,15,0.16666666666666666,0.8333333333333334,0,0.0,1.0,4,11,3,0,0,0.2222222222222222,0.6111111111111112,0.0,0.16666666666666666,0.0,1.0,2.0602489763846963,0.4723491668701172
QUIC_CONNECT5.pcap,172.16.0.32:59962->172.19.0.8:443,18,172.16.0.32,59962,172.19.0.8,443,18,10,8,14023,5773,8250,779.0555555555555,88,1294,579.2445724315058,335524.274691358,0.7435215220542755,577.3,88,1294,585.3006150688722,342576.81,1.013858678449458,1031.25,100,1294,460.6787790858181,212224.9375,0.44671881608321756,0.026500533608829275,0.0,0.19690704345703125,0.054145007802075346,0.0029316818698868,0.04857100380791558,0.0,0.19690704345703125,0.067546584855687,0.004562541125666525,0.025960138865879605,9.608268737792969e-05,0.13500499725341797,0.04681340604040241,0.002191494985103585,2,16,0.1111111111111111,0.8888888888888888,0,0.0,1.0,4,12,2,0,0,0.2222222222222222,0.6666666666666666,0.0,0.1111111111111111,0.0,0.9910760598382222,1.879964948727111,0.45050907135009766
QUIC_CONNECT5.pcap,172.16.0.49:49044->172.19.0.8:443,18,172.16.0.49,49044,172.19.0.8,443,18,11,7,11571,5860,5711,642.8333333333334,66,1294,585.762869161992,343118.1388888889,0.9112204342680714,532.7272727272727,87,1294,575.5873033707857,331300.74380165286,1.0804539824366284,815.8571428571429,66,1294,559.1959606872886,312700.1224489796,0.6854091621101418,0.02802900707020479,0.0,0.196943998336792,0.053748026740042955,0.002888850378448372,0.04763760566711426,0.0,0.196943998336792,0.06403119145526452,0.00409999347918074,0.03294932842254639,9.608268737792969e-05,0.12709379196166992,0.04492877399442393,0.002018594732642024,4,14,0.2222222222222222,0.7777777777777778,0,0.0,1.0,4,10,4,0,0,0.2222222222222222,0.5555555555555556,0.0,0.2222222222222222,0.0,0.964078764808229,2.2810361125534233,0.47649312019348145
QUIC_CONNECT5.pcap,172.16.0.39:35687->172.19.0.8:443,18,172.16.0.39,35687,172.19.0.8,443,18,10,8,14023,5773,8250,779.0555555555555,88,1294,579.2445724315058,335524.274691358,0.7435215220542755,577.3,88,1294,585.3006150688722,342576.81,1.013858678449458,1031.25,100,1294,460.6787790858181,212224.9375,0.44671881608321756,0.026414716944975013,0.0,0.19642114639282227,0.05104268432483341,0.002605355623084594,0.04831168386671278,0.0,0.19642114639282227,0.06300828337450999,0.003970043773802552,0.021799428122384206,9.489059448242188e-05,0.10326981544494629,0.035870976661501394,0.0012867269666499777,2,16,0.1111111111111111,0.8888888888888888,0,0.0,1.0,4,12,2,0,0,0.2222222222222222,0.6666666666666666,0.0,0.1111111111111111,0.0,0.9910760598382222,1.879964948727111,0.4490501880645752
QUIC_CONNECT5.pcap,172.16.0.33:34431->172.19.0.8:443,18,172.16.0.33,34431,172.19.0.8,443,18,9,9,14000,5679,8321,777.7777777777778,66,1294,580.9307240737397,337480.5061728395,0.746910930951951,631.0,88,1294,593.1306770012827,351804.0,0.9399852250416525,924.5555555555555,66,1294,529.2160052822605,280069.5802469136,0.5724004383536048,0.02776777043062098,0.0,0.19534516334533691,0.051598508432503735,0.0026624060724591593,0.053775638341903687,0.0,0.19534516334533691,0.06639961202095797,0.004408908476533746,0.018735885620117188,0.00010609626770019531,0.07000589370727539,0.02338762882436416,0.0005469811820262294,3,15,0.16666666666666666,0.8333333333333334,0,0.0,1.0,4,11,3,0,0,0.2222222222222222,0.6111111111111112,0.0,0.16666666666666666,0.0,1.0,2.0602489763846963,0.47205209732055664
QUIC_CONNECT5.pcap,172.16.0.29:59905->172.19.0.8:443,18,172.16.0.29,59905,172.19.0.8,443,18,12,6,11780,8601,3179,654.4444444444445,66,1444,604.252543066613,365121.1358024691,0.9233060929710556,716.75,87,1444,620.5041129329173,385025.3541666667,0.8657190274613427,529.8333333333334,66,1294,549.5641960276848,302020.80555555556,1.0372397534338185,0.037120819091796875,1.5974044799804688e-05,0.2009580135345459,0.06903415632801152,0.004765714739920333,0.05736853859641335,1.5974044799804688e-05,0.2009580135345459,0.07887744295812939,0.006221651007612955,0.056304407119750974,0.0001270771026611328,0.22782611846923828,0.08642387426672203,0.007469086043270179,7,11,0.3888888888888889,0.6111111111111112,0,0.0,1.0,4,7,7,0,0,0.2222222222222222,0.3888888888888889,0.0,0.3888888888888889,0.0,0.9182958340544896,2.8218881955261783,0.6310539245605469
QUIC_CONNECT5.pcap,172.16.0.46:40765->172.19.0.8:443,18,172.16.0.46,40765,172.19.0.8,443,18,12,6,6799,3583,3216,377.72222222222223,91,1294,493.3072972358841,243352.0895061729,1.306005493491089,298.5833333333333,91,1294,445.39111245685586,198373.24305555562,1.4916810911198077,536.0,92,1294,543.8124676761282,295732.0,1.0145754993957616,0.0370335298426011,0.0,0.2336130142211914,0.062010491070817374,0.0038453010028439215,0.057233637029474434,0.0,0.30000805854797363,0.08803421055468745,0.007750022227987042,0.07682242393493652,9.012222290039062e-05,0.31574392318725586,0.12115587567946177,0.014678746211657198,0,18,0.0,1.0,0,0.0,1.0,2,16,0,0,0,0.1111111111111111,0.8888888888888888,0.0,0.0,0.0,0.9182958340544896,1.6113834567195195,0.6295700073242188
QUIC_CONNECT5.pcap,172.16.0.39:41219->172.19.0.8:443,18,172.16.0.39,41219,172.19.0.8,443,18,10,8,6742,3357,3385,374.55555555555554,66,1294,495.1868583589008,245210.02469135806,1.322065181023467,335.7,87,1294,479.3166072649684,229744.40999999997,1.4278123540809307,423.125,66,1294,510.19198286037386,260295.859375,1.2057713036581952,0.02734982266145594,0.0,0.13990306854248047,0.042031077813795344,0.001766611502189319,0.051660776138305664,0.0,0.14187908172607422,0.049097413473239405,0.00241055600976223,0.06499055453709193,8.296966552734375e-05,0.35912394523620605,0.12064555041552498,0.01455534883506498,4,14,0.2222222222222222,0.7777777777777778,0,0.0,1.0,2,12,4,0,0,0.1111111111111111,0.6666666666666666,0.0,0.2222222222222222,0.0,0.9910760598382222,2.2810361125534233,0.464946985244751
QUIC_CONNECT5.pcap,172.16.0.52:43059->172.19.0.8:443,18,172.16.0.52,43059,172.19.0.8,443,18,10,8,14025,5773,8252,779.1666666666666,88,1294,579.1693525117579,335437.1388888889,0.7433189550953043,577.3,88,1294,585.3006150688722,342576.81,1.013858678449458,1031.5,100,1294,460.3289584634015,211902.75,0.44627140907746143,0.026482399772195256,0.0,0.1955089569091797,0.059871362879462334,0.00358458009304426,0.0474196539984809,0.0,0.1955089569091797,0.07698028861274221,0.005925964834901088,0.03545999526977539,0.00011897087097167969,0.1854391098022461,0.06371982318934956,0.00406021586728197,2,16,0.1111111111111111,0.8888888888888888,0,0.0,1.0,4,12,2,0,0,0.2222222222222222,0.6666666666666666,0.0,0.1111111111111111,0.0,0.9910760598382222,1.879964948727111,0.45020079612731934
QUIC_CONNECT5.pcap,172.16.0.50:44939->172.19.0.8:443,18,172.16.0.50,44939,172.19.0.8,443,18,10,8,14025,5773,8252,779.1666666666666,88,1294,579.1693525117579,335437.1388888889,0.7433189550953043,577.3,88,1294,585.3006150688722,342576.81,1.013858678449458,1031.5,100,1294,460.3289584634015,211902.75,0.44627140907746143,0.02652893346898696,0.0,0.19644999504089355,0.05556256846833807,0.003087199014798756,0.047741995917426214,0.0,0.19644999504089355,0.06984369987800275,0.0048781424126485215,0.03418956484113421,9.989738464355469e-05,0.179915189743042,0.0613919161962537,0.003768967374247837,2,16,0.1111111111111111,0.8888888888888888,0,0.0,1.0,4,12,2,0,0,0.2222222222222222,0.6666666666666666,0.0,0.1111111111111111,0.0,0.9910760598382222,1.879964948727111,0.4509918689727783
QUIC_CONNECT5.pcap,172.16.0.61:57504->172.19.0.8:443,18,172.16.0.61,57504,172.19.0.8,443,18,9,9,13992,5679,8313,777.3333333333334,66,1294,581.2294440809642,337827.6666666666,0.7477222694008973,631.0,88,1294,593.1306770012827,351804.0,0.9399852250416525,923.6666666666666,66,1294,530.11738741947,281024.44444444444,0.5739271606850993,0.027962586458991554,0.0,0.19644999504089355,0.05347744290835381,0.0028598369000162414,0.0534762442111969,0.0,0.19644999504089355,0.06992944682860525,0.004890127533754729,0.03183302283287048,0.00010800361633300781,0.16848087310791016,0.05372789532413862,0.0028866867359615966,3,15,0.16666666666666666,0.8333333333333334,0,0.0,1.0,4,11,3,0,0,0.2222222222222222,0.6111111111111112,0.0,0.16666666666666666,0.0,1.0,2.0602489763846963,0.47536396980285645
QUIC_CONNECT5.pcap,172.16.0.54:49206->172.19.0.8:443,18,172.16.0.54,49206,172.19.0.8,443,18,10,8,14029,5773,8256,779.3888888888889,88,1294,579.019970763712,335264.1265432099,0.7429153520384072,577.3,88,1294,585.3006150688722,342576.81,1.013858678449458,1032.0,100,1294,459.6313740379349,211261.0,0.44537923840885163,0.026512819177964154,0.0,0.19643402099609375,0.05281928637094343,0.00278987701273573,0.04763499895731608,0.0,0.19643402099609375,0.06632980164421005,0.004399642586160251,0.03156542778015137,0.00011396408081054688,0.1600959300994873,0.05447996982390573,0.0029680671120136787,2,16,0.1111111111111111,0.8888888888888888,0,0.0,1.0,4,12,2,0,0,0.2222222222222222,0.6666666666666666,0.0,0.1111111111111111,0.0,0.9910760598382222,1.879964948727111,0.4507179260253906
QUIC_CONNECT5.pcap,172.16.0.53:40777->172.19.0.8:443,18,172.16.0.53,40777,172.19.0.8,443,18,9,9,13992,5679,8313,777.3333333333334,66,1294,581.2294440809642,337827.6666666666,0.7477222694008973,631.0,88,1294,593.1306770012827,351804.0,0.9399852250416525,923.6666666666666,66,1294,530.11738741947,281024.44444444444,0.5739271606850993,0.028006413403679344,0.0,0.1964578628540039,0.05518626704611062,0.0030455240704846346,0.053957611322402954,0.0,0.1964578628540039,0.07247883957244028,0.005253182185767535,0.02955964207649231,9.608268737792969e-05,0.15500783920288086,0.04965066848417111,0.002465188880925062,3,15,0.16666666666666666,0.8333333333333334,0,0.0,1.0,4,11,3,0,0,0.2222222222222222,0.6111111111111112,0.0,0.16666666666666666,0.0,1.0,2.0602489763846963,0.47610902786254883
QUIC_CONNECT5.pcap,172.16.0.32:53514->172.19.0.8:443,18,172.16.0.32,53514,172.19.0.8,443,18,9,9,14001,5679,8322,777.8333333333334,66,1294,580.893779733725,337437.5833333333,0.7468100875085386,631.0,88,1294,593.1306770012827,351804.0,0.9399852250416525,924.6666666666666,66,1294,529.1040645384527,279951.1111111111,0.5722105961122416,0.027993412578807157,0.0,0.19643402099609375,0.05373261336472259,0.0028871937390027645,0.053838372230529785,0.0,0.19643402099609375,0.07019712362933023,0.004927636165831473,0.02795550227165222,0.00010395050048828125,0.14117693901062012,0.04521678964480596,0.0020445580657826312,3,15,0.16666666666666666,0.8333333333333334,0,0.0,1.0,4,11,3,0,0,0.2222222222222222,0.6111111111111112,0.0,0.16666666666666666,0.0,1.0,2.0602489763846963,0.4758880138397217
QUIC_CONNECT5.pcap,172.16.0.42:39919->172.19.0.8:443,18,172.16.0.42,39919,172.19.0.8,443,18,10,8,13695,5765,7930,760.8333333333334,66,1294,596.2121406568863,355468.9166666667,0.7836304148830926,576.5,86,1294,585.9657413194051,343355.85,1.01641932579255,991.25,66,1294,524.4472685599574,275044.9375,0.529076689593904,0.028061586267807904,0.0,0.1964578628540039,0.053418057142631974,0.0028534888288934946,0.053005218505859375,0.0,0.1964578628540039,0.06511798456997156,0.004240351914455055,0.030403988701956614,0.00010085105895996094,0.1319260597229004,0.04565416681370637,0.002084302947453728,4,14,0.2222222222222222,0.7777777777777778,0,0.0,1.0,4,10,4,0,0,0.2222222222222222,0.5555555555555556,0.0,0.2222222222222222,0.0,0.9910760598382222,1.949137865273585,0.4770469665527344
QUIC_CONNECT5.pcap,172.16.0.40:40922->172.19.0.8:443,18,172.16.0.40,40922,172.19.0.8,443,18,12,6,11783,8601,3182,654.6111111111111,66,1444,604.1714380399076,365023.1265432099,0.9229471174334496,716.75,87,1444,620.5041129329173,385025.3541666667,0.8657190274613427,530.3333333333334,66,1294,549.4098854427559,301851.2222222222,1.0359708713565479,0.03318011059480555,0.0,0.20019888877868652,0.0654924651334259,0.004289262989253006,0.05127835273742676,0.0,0.20019888877868652,0.07561839441983734,0.005718141574634087,0.05192441940307617,0.0001499652862548828,0.20557713508605957,0.0775783648949207,0.006018402699769465,7,11,0.3888888888888889,0.6111111111111112,0,0.0,1.0,4,7,7,0,0,0.2222222222222222,0.3888888888888889,0.0,0.3888888888888889,0.0,0.9182958340544896,2.8218881955261783,0.5640618801116943
QUIC_CONNECT5.pcap,172.16.0.63:55139->172.19.0.8:443,18,172.16.0.63,55139,172.19.0.8,443,18,12,6,11779,8600,3179,654.3888888888889,66,1444,604.3047556112073,365184.237654321,0.9234642670007411,716.6666666666666,86,1444,620.5887437658606,385130.38888888893,0.8659377819988753,529.8333333333334,66,1294,549.5641960276848,302020.80555555556,1.0372397534338185,0.0350338150473202,1.1920928955078125e-06,0.20046281814575195,0.0659713298973802,0.00435221636842897,0.05414316870949485,1.1920928955078125e-06,0.20046281814575195,0.07554335134044915,0.00570679793174654,0.05605082511901856,0.0001239776611328125,0.2262580394744873,0.08577939484665027,0.007358104580257531,7,11,0.3888888888888889,0.6111111111111112,0,0.0,1.0,4,7,7,0,0,0.2222222222222222,0.3888888888888889,0.0,0.3888888888888889,0.0,0.9182958340544896,2.8218881955261783,0.5955748558044434
QUIC_CONNECT5.pcap,172.16.0.41:33351->172.19.0.8:443,18,172.16.0.41,33351,172.19.0.8,443,18,10,8,13696,5766,7930,760.8888888888889,66,1294,596.1492998019213,355393.987654321,0.7834906101368708,576.6,87,1294,585.8821041813787,343257.83999999997,1.0160979954585132,991.25,66,1294,524.4472685599574,275044.9375,0.529076689593904,0.027951829573687387,2.3126602172851562e-05,0.20060205459594727,0.052277874971663814,0.0027329762115529135,0.05279790030585395,2.3126602172851562e-05,0.20060205459594727,0.06321754535760432,0.003996458041040759,0.02182715279715402,9.894371032714844e-05,0.07406997680664062,0.02828673982416621,0.0008001396498800706,4,14,0.2222222222222222,0.7777777777777778,0,0.0,1.0,4,10,4,0,0,0.2222222222222222,0.5555555555555556,0.0,0.2222222222222222,0.0,0.9910760598382222,1.949137865273585,0.47518110275268555
QUIC_CONNECT5.pcap,172.16.0.29:58154->172.19.0.8:443,18,172.16.0.29,58154,172.19.0.8,443,18,10,8,13696,5766,7930,760.8888888888889,66,1294,596.1492998019213,355393.987654321,0.7834906101368708,576.6,87,1294,585.8821041813787,343257.83999999997,1.0160979954585132,991.25,66,1294,524.4472685599574,275044.9375,0.529076689593904,0.027459537281709558,0.0,0.19197702407836914,0.05145481396747823,0.002647597880427793,0.05186801486545139,0.0,0.19197702407836914,0.06225254814836423,0.003875379750964407,0.020679984773908342,9.489059448242188e-05,0.06676101684570312,0.026252865884287484,0.0006892129671383857,4,14,0.2222222222222222,0.7777777777777778,0,0.0,1.0,4,10,4,0,0,0.2222222222222222,0.5555555555555556,0.0,0.2222222222222222,0.0,0.9910760598382222,1.949137865273585,0.4668121337890625
QUIC_CONNECT5.pcap,172.16.0.47:54929->172.19.0.8:443,18,172.16.0.47,54929,172.19.0.8,443,18,10,8,13696,5766,7930,760.8888888888889,66,1294,596.1492998019213,355393.987654321,0.7834906101368708,576.6,87,1294,585.8821041813787,343257.83999999997,1.0160979954585132,991.25,66,1294,524.4472685599574,275044.9375,0.529076689593904,0.02747165455537684,0.0,0.19212794303894043,0.05243866852299769,0.002749813956464828,0.05189090304904514,0.0,0.19212794303894043,0.06371487234236681,0.004059584957604098,0.019438845770699636,0.00011086463928222656,0.059229135513305664,0.024171854277934866,0.0005842785392337181,4,14,0.2222222222222222,0.7777777777777778,0,0.0,1.0,4,10,4,0,0,0.2222222222222222,0.5555555555555556,0.0,0.2222222222222222,0.0,0.9910760598382222,1.949137865273585,0.46701812744140625
QUIC_CONNECT5.pcap,172.16.0.27:56436->172.19.0.8:443,18,172.16.0.27,56436,172.19.0.8,443,18,9,9,13998,5679,8319,777.6666666666666,66,1294,581.0048766289889,337566.6666666666,0.7471130003801829,631.0,88,1294,593.1306770012827,351804.0,0.9399852250416525,924.3333333333334,66,1294,529.4403754070056,280307.11111111107,0.5727807883956064,0.02739552890553194,0.0,0.19228005409240723,0.05329490433654257,0.0028403468282412235,0.05317762494087219,0.0,0.19228005409240723,0.06905353160425551,0.004768390227019914,0.015911370515823364,8.797645568847656e-05,0.05169200897216797,0.018809221321818385,0.00035378680673314733,3,15,0.16666666666666666,0.8333333333333334,0,0.0,1.0,4,11,3,0,0,0.2222222222222222,0.6111111111111112,0.0,0.16666666666666666,0.0,1.0,2.0602489763846963,0.46572399139404297
QUIC_CONNECT5.pcap,172.16.0.55:57004->172.19.0.8:443,18,172.16.0.55,57004,172.19.0.8,443,18,9,9,13999,5679,8320,777.7222222222222,66,1294,580.9677563777677,337523.5339506173,0.7470119019072662,631.0,88,1294,593.1306770012827,351804.0,0.9399852250416525,924.4444444444445,66,1294,529.3281089396068,280188.2469135802,0.5725905024587092,0.027446760850794175,0.0,0.19324898719787598,0.054646129939136215,0.0029861995173249595,0.05338439345359802,0.0,0.19324898719787598,0.07127393597067688,0.005079973948752148,0.014876097440719604,9.298324584960938e-05,0.045250892639160156,0.017063830039940286,0.0002911742956319685,3,15,0.16666666666666666,0.8333333333333334,0,0.0,1.0,4,11,3,0,0,0.2222222222222222,0.6111111111111112,0.0,0.16666666666666666,0.0,1.0,2.0602489763846963,0.466594934463501
QUIC_CONNECT5.pcap,172.16.0.24:48808->172.19.0.8:443,18,172.16.0.24,48808,172.19.0.8,443,18,9,9,13992,5672,8320,777.3333333333334,66,1294,581.4274579763918,338057.8888888889,0.7479770042577939,630.2222222222222,87,1294,593.8385073734325,352644.17283950624,0.9422684355361236,924.4444444444445,66,1294,529.3281089396068,280188.2469135802,0.5725905024587092,0.02747964859008789,0.0,0.19309496879577637,0.05598252909194941,0.003134043563530962,0.05839425325393677,0.0,0.19309496879577637,0.07100697956133535,0.0050419911464238965,0.01366850733757019,0.00010085105895996094,0.0350031852722168,0.01382204434706229,0.00019104890993215662,4,14,0.2222222222222222,0.7777777777777778,0,0.0,1.0,4,10,4,0,0,0.2222222222222222,0.5555555555555556,0.0,0.2222222222222222,0.0,1.0,2.102187170949333,0.46715402603149414
QUIC_CONNECT5.pcap,172.16.0.46:55821->172.19.0.8:443,18,172.16.0.46,55821,172.19.0.8,443,18,10,8,6765,3364,3401,375.8333333333333,91,1294,494.35291599782795,244384.80555555556,1.31535143946207,336.4,91,1294,478.9559896274396,229398.84000000003,1.4237692914014257,425.125,92,1294,508.66871279350374,258743.859375,1.1965156431484945,0.02359501053305233,0.0,0.17350101470947266,0.04325187018879195,0.0018707242748281102,0.04097157054477268,0.0,0.17350101470947266,0.053575258799200574,0.0028703083554013184,0.05528644153050014,9.322166442871094e-05,0.35257720947265625,0.12153269919695156,0.01477019697409671,0,18,0.0,1.0,0,0.0,1.0,2,16,0,0,0,0.1111111111111111,0.8888888888888888,0.0,0.0,0.0,0.9910760598382222,1.3355055565170972,0.40111517906188965
QUIC_CONNECT5.pcap,172.16.0.34:56631->172.19.0.8:443,18,172.16.0.34,56631,172.19.0.8,443,18,11,7,6781,3489,3292,376.72222222222223,66,1294,493.9277731224763,243964.64506172843,1.3111192915800876,317.1818181818182,88,1294,460.7146263601241,212257.96694214875,1.4525253338954902,470.2857142857143,66,1294,528.6440104606487,279464.4897959184,1.1240911522553283,0.037232469109927904,0.0,0.23126816749572754,0.06344626097752815,0.00402542803202861,0.06079390048980713,0.0,0.24209308624267578,0.07743259119662871,0.005995806179424221,0.10231550534566243,0.00010704994201660156,0.34378695487976074,0.13522222362888264,0.018285049763139546,3,15,0.16666666666666666,0.8333333333333334,0,0.0,1.0,2,13,3,0,0,0.1111111111111111,0.7222222222222222,0.0,0.16666666666666666,0.0,0.964078764808229,2.3921472236645345,0.6329519748687744
QUIC_CONNECT5.pcap,172.16.0.39:42145->172.19.0.8:443,18,172.16.0.39,42145,172.19.0.8,443,18,10,8,6745,3356,3389,374.72222222222223,66,1294,495.2112686695286,245234.200617284,1.3215423033434417,335.6,86,1294,479.368584702836,229794.24000000005,1.4283926838582717,423.625,66,1294,510.1269296704498,260229.484375,1.2041945816947768,0.026263882132137522,9.5367431640625e-07,0.1764829158782959,0.044052466171017476,0.001940619775748639,0.04960955513848199,9.5367431640625e-07,0.1764829158782959,0.05183504166898974,0.0026868715448259022,0.059704439980643134,0.00010395050048828125,0.3440699577331543,0.11653174136982315,0.013579646746683353,4,14,0.2222222222222222,0.7777777777777778,0,0.0,1.0,2,12,4,0,0,0.1111111111111111,0.6666666666666666,0.0,0.2222222222222222,0.0,0.9910760598382222,2.2810361125534233,0.4464859962463379
QUIC_CONNECT5.pcap,172.16.0.62:51740->172.19.0.8:443,18,172.16.0.62,51740,172.19.0.8,443,18,9,9,13993,5679,8314,777.3888888888889,66,1294,581.1917965017982,337783.90432098764,0.7476204057051645,631.0,88,1294,593.1306770012827,351804.0,0.9399852250416525,923.7777777777778,66,1294,530.004146268431,280904.39506172837,0.57373554443299,0.026500239091760972,0.0,0.20076799392700195,0.0554176431485792,0.003071115172143267,0.051589637994766235,0.0,0.20076799392700195,0.07309905858534345,0.005343472366063473,0.030021488666534424,9.489059448242188e-05,0.17365694046020508,0.05584566838577588,0.003118738677454047,3,15,0.16666666666666666,0.8333333333333334,0,0.0,1.0,4,11,3,0,0,0.2222222222222222,0.6111111111111112,0.0,0.16666666666666666,0.0,1.0,2.0602489763846963,0.4505040645599365
QUIC_CONNECT5.pcap,172.16.0.29:49335->172.19.0.8:443,18,172.16.0.29,49335,172.19.0.8,443,18,10,8,14026,5773,8253,779.2222222222222,88,1294,579.1318747876529,335393.72839506174,0.7432178629814454,577.3,88,1294,585.3006150688722,342576.81,1.013858678449458,1031.625,100,1294,460.1543049619334,211741.984375,0.44604803582884617,0.024971835753496957,0.0,0.20062804222106934,0.054279418643971414,0.0029462552883275117,0.04571178224351671,0.0,0.20062804222106934,0.06863107533798064,0.004710224502047574,0.029357739857264926,9.107589721679688e-05,0.1632080078125,0.05592973849022781,0.0031281356475852703,2,16,0.1111111111111111,0.8888888888888888,0,0.0,1.0,4,12,2,0,0,0.2222222222222222,0.6666666666666666,0.0,0.1111111111111111,0.0,0.9910760598382222,1.879964948727111,0.42452120780944824
QUIC_CONNECT5.pcap,172.16.0.43:57052->172.19.0.8:443,18,172.16.0.43,57052,172.19.0.8,443,18,9,9,13991,5679,8312,777.2777777777778,66,1294,581.2671794885871,337871.5339506173,0.7478242606528888,631.0,88,1294,593.1306770012827,351804.0,0.9399852250416525,923.5555555555555,66,1294,530.2307906544326,281144.69135802466,0.5741189985430574,0.02640571313745835,2.6941299438476562e-05,0.20035719871520996,0.0525253540542962,0.0027589128185291703,0.05122324824333191,2.6941299438476562e-05,0.20035719871520996,0.06865819442306426,0.0047139476614352915,0.027634739875793457,8.797645568847656e-05,0.15204095840454102,0.04866644393318399,0.002368422765101741,3,15,0.16666666666666666,0.8333333333333334,0,0.0,1.0,4,11,3,0,0,0.2222222222222222,0.6111111111111112,0.0,0.16666666666666666,0.0,1.0,2.0602489763846963,0.448897123336792
QUIC_CONNECT5.pcap,172.16.0.41:57680->172.19.0.8:443,18,172.16.0.41,57680,172.19.0.8,443,18,9,9,13996,5679,8317,777.5555555555555,66,1294,581.0793809055526,337653.24691358034,0.7473155799013966,631.0,88,1294,593.1306770012827,351804.0,0.9399852250416525,924.1111111111111,66,1294,529.6653963577056,280545.43209876545,0.5731620256365697,0.026505414177389705,0.0,0.20090818405151367,0.05235200095413943,0.002740732003902216,0.051679253578186035,0.0,0.20090818405151367,0.06803098595433925,0.004628215049919504,0.026658982038497925,8.893013000488281e-05,0.14791202545166016,0.04767199332484347,0.0022726189475639202,3,15,0.16666666666666666,0.8333333333333334,0,0.0,1.0,4,11,3,0,0,0.2222222222222222,0.6111111111111112,0.0,0.16666666666666666,0.0,1.0,2.0602489763846963,0.450592041015625
QUIC_CONNECT5.pcap,172.16.0.51:40356->172.19.0.8:443,18,172.16.0.51,40356,172.19.0.8,443,18,9,9,13998,5679,8319,777.6666666666666,66,1294,581.0048766289889,337566.6666666666,0.7471130003801829,631.0,88,1294,593.1306770012827,351804.0,0.9399852250416525,924.3333333333334,66,1294,529.4403754070056,280307.11111111107,0.5727807883956064,0.026410705902997184,9.5367431640625e-07,0.20051813125610352,0.053804131613256055,0.0028948845786565796,0.05132189393043518,9.5367431640625e-07,0.20051813125610352,0.07069909022510944,0.0049983613586581654,0.02540561556816101,8.702278137207031e-05,0.13533306121826172,0.04335691334148047,0.0018798219345006473,3,15,0.16666666666666666,0.8333333333333334,0,0.0,1.0,4,11,3,0,0,0.2222222222222222,0.6111111111111112,0.0,0.16666666666666666,0.0,1.0,2.0602489763846963,0.44898200035095215
QUIC_CONNECT5.pcap,172.16.0.30:38855->172.19.0.8:443,18,172.16.0.30,38855,172.19.0.8,443,18,9,9,13992,5679,8313,777.3333333333334,66,1294,581.2294440809642,337827.6666666666,0.7477222694008973,631.0,88,1294,593.1306770012827,351804.0,0.9399852250416525,923.6666666666666,66,1294,530.11738741947,281024.44444444444,0.5739271606850993,0.026391814736758962,2.384185791015625e-05,0.2002718448638916,0.049793687671277724,0.0024794113319047554,0.05113500356674194,2.384185791015625e-05,0.2002718448638916,0.06421612577276653,0.00412371080926377,0.023169100284576416,9.083747863769531e-05,0.11501502990722656,0.0367517983339225,0.001350694680777309,3,15,0.16666666666666666,0.8333333333333334,0,0.0,1.0,4,11,3,0,0,0.2222222222222222,0.6111111111111112,0.0,0.16666666666666666,0.0,1.0,2.0602489763846963,0.44866085052490234
QUIC_CONNECT5.pcap,172.16.0.40:52190->172.19.0.8:443,18,172.16.0.40,52190,172.19.0.8,443,18,9,9,13990,5679,8311,777.2222222222222,66,1294,581.3050027075626,337915.50617283944,0.7479263794664852,631.0,88,1294,593.1306770012827,351804.0,0.9399852250416525,923.4444444444445,66,1294,530.3443558693438,281265.1358024691,0.5743110579742623,0.026372769299675438,0.0,0.19987893104553223,0.04936071404242179,0.0024364800907777356,0.05101862549781799,0.0,0.19987893104553223,0.06360435913040458,0.00404551450038948,0.022072255611419678,9.298324584960938e-05,0.10486507415771484,0.03351776097425358,0.0011234403007271965,3,15,0.16666666666666666,0.8333333333333334,0,0.0,1.0,4,11,3,0,0,0.2222222222222222,0.6111111111111112,0.0,0.16666666666666666,0.0,1.0,2.0602489763846963,0.4483370780944824
QUIC_CONNECT5.pcap,172.16.0.36:55230->172.19.0.8:443,18,172.16.0.36,55230,172.19.0.8,443,18,9,9,13996,5679,8317,777.5555555555555,66,1294,581.0793809055526,337653.24691358034,0.7473155799013966,631.0,88,1294,593.1306770012827,351804.0,0.9399852250416525,924.1111111111111,66,1294,529.6653963577056,280545.43209876545,0.5731620256365697,0.026430228177238915,0.0,0.20043087005615234,0.04993067743415745,0.0024930725490338802,0.05147036910057068,0.0,0.20043087005615234,0.06417508983378109,0.004118442155173874,0.021119236946105957,8.797645568847656e-05,0.10213017463684082,0.03297050298825079,0.0010870540672982543,3,15,0.16666666666666666,0.8333333333333334,0,0.0,1.0,4,11,3,0,0,0.2222222222222222,0.6111111111111112,0.0,0.16666666666666666,0.0,1.0,2.0602489763846963,0.4493138790130615
QUIC_CONNECT5.pcap,172.16.0.57:52640->172.19.0.8:443,18,172.16.0.57,52640,172.19.0.8,443,18,9,9,13998,5679,8319,777.6666666666666,66,1294,581.0048766289889,337566.6666666666,0.7471130003801829,631.0,88,1294,593.1306770012827,351804.0,0.9399852250416525,924.3333333333334,66,1294,529.4403754070056,280307.11111111107,0.5727807883956064,0.026494937784531537,1.5020370483398438e-05,0.2006669044494629,0.05213895982068494,0.0027184711311829986,0.051742106676101685,1.5020370483398438e-05,0.2006669044494629,0.06757440648574875,0.004566300411901203,0.020180612802505493,0.00010514259338378906,0.09717106819152832,0.031694460929862917,0.0010045388536346067,3,15,0.16666666666666666,0.8333333333333334,0,0.0,1.0,4,11,3,0,0,0.2222222222222222,0.6111111111111112,0.0,0.16666666666666666,0.0,1.0,2.0602489763846963,0.45041394233703613
QUIC_CONNECT5.pcap,172.16.0.27:50620->172.19.0.8:443,18,172.16.0.27,50620,172.19.0.8,443,18,12,6,11780,8601,3179,654.4444444444445,66,1444,604.252543066613,365121.1358024691,0.9233060929710556,716.75,87,1444,620.5041129329173,385025.3541666667,0.8657190274613427,529.8333333333334,66,1294,549.5641960276848,302020.80555555556,1.0372397534338185,0.03567893364850212,0.0,0.2012619972229004,0.06937161936930637,0.004812421573919924,0.05514017018404874,0.0,0.2012619972229004,0.07987143178077563,0.006379445614711096,0.05183281898498535,0.00013303756713867188,0.2048931121826172,0.07728368853294075,0.005972768513256597,7,11,0.3888888888888889,0.6111111111111112,0,0.0,1.0,4,7,7,0,0,0.2222222222222222,0.3888888888888889,0.0,0.3888888888888889,0.0,0.9182958340544896,2.8218881955261783,0.6065418720245361
QUIC_CONNECT5.pcap,172.16.0.46:53901->172.19.0.8:443,18,172.16.0.46,53901,172.19.0.8,443,18,11,7,6773,3452,3321,376.27777777777777,88,1294,494.2202394294758,244253.64506172834,1.3134451955899253,313.8181818181818,88,1294,462.2161670949719,213643.78512396698,1.4728788638599917,474.42857142857144,92,1294,525.919020692854,276590.8163265306,1.1085315100421493,0.026524768156163833,0.0,0.17338204383850098,0.04302239549035563,0.0018509265137285726,0.04133009910583496,0.0,0.17338204383850098,0.05082944600877486,0.0025836325815589587,0.07288901011149089,9.799003601074219e-05,0.35752391815185547,0.129149617883652,0.016679623799493327,2,16,0.1111111111111111,0.8888888888888888,0,0.0,1.0,2,14,2,0,0,0.1111111111111111,0.7777777777777778,0.0,0.1111111111111111,0.0,0.964078764808229,1.879964948727111,0.45092105865478516
QUIC_CONNECT5.pcap,172.16.0.59:55888->172.19.0.8:443,18,172.16.0.59,55888,172.19.0.8,443,18,10,8,6744,3357,3387,374.6666666666667,66,1294,495.18268233944616,245205.88888888885,1.3216619635394469,335.7,87,1294,479.3166072649684,229744.40999999997,1.4278123540809307,423.375,66,1294,510.15902851463875,260262.234375,1.2049814668193417,0.028415764079374427,0.0,0.14641714096069336,0.04007910422019608,0.001606334595093339,0.05367422103881836,0.0,0.14641714096069336,0.04621186718911404,0.002135536669104315,0.06538101605006627,0.00010514259338378906,0.34481096267700195,0.11523728691436794,0.013279632295384355,4,14,0.2222222222222222,0.7777777777777778,0,0.0,1.0,2,12,4,0,0,0.1111111111111111,0.6666666666666666,0.0,0.2222222222222222,0.0,0.9910760598382222,2.2810361125534233,0.48306798934936523
QUIC_CONNECT5.pcap,172.16.0.49:39717->172.19.0.8:443,18,172.16.0.49,39717,172.19.0.8,443,18,10,8,13696,5766,7930,760.8888888888889,66,1294,596.1492998019213,355393.987654321,0.7834906101368708,576.6,87,1294,585.8821041813787,343257.83999999997,1.0160979954585132,991.25,66,1294,524.4472685599574,275044.9375,0.529076689593904,0.028519588358262005,0.0,0.19985294342041016,0.05945056683384437,0.0035343698968653965,0.05387033356560601,0.0,0.19985294342041016,0.07467114394437825,0.005575779737962056,0.039217982973371236,0.0001049041748046875,0.17834091186523438,0.06166871841671037,0.003803030831159513,4,14,0.2222222222222222,0.7777777777777778,0,0.0,1.0,4,10,4,0,0,0.2222222222222222,0.5555555555555556,0.0,0.2222222222222222,0.0,0.9910760598382222,1.949137865273585,0.4848330020904541
QUIC_CONNECT5.pcap,172.16.0.56:56716->172.19.0.8:443,18,172.16.0.56,56716,172.19.0.8,443,18,10,8,14021,5773,8248,778.9444444444445,88,1294,579.3201448654393,335611.83024691354,0.7437245993565299,577.3,88,1294,585.3006150688722,342576.81,1.013858678449458,1031.0,100,1294,461.0292832348071,212548.0,0.4471671030405501,0.027070410111371207,5.0067901611328125e-06,0.19987201690673828,0.05495276585367232,0.003019806474968535,0.047762552897135414,5.0067901611328125e-06,0.19987201690673828,0.06929851993139902,0.0048022848646825066,0.034576416015625,0.00010085105895996094,0.17112112045288086,0.05957856857102814,0.003549605832972702,2,16,0.1111111111111111,0.8888888888888888,0,0.0,1.0,4,12,2,0,0,0.2222222222222222,0.6666666666666666,0.0,0.1111111111111111,0.0,0.9910760598382222,1.879964948727111,0.46019697189331055
QUIC_CONNECT5.pcap,172.16.0.62:45637->172.19.0.8:443,18,172.16.0.62,45637,172.19.0.8,443,18,10,8,14025,5773,8252,779.1666666666666,88,1294,579.1693525117579,335437.1388888889,0.7433189550953043,577.3,88,1294,585.3006150688722,342576.81,1.013858678449458,1031.5,100,1294,460.3289584634015,211902.75,0.44627140907746143,0.027107771705178654,0.0,0.2001810073852539,0.05404843314366113,0.002921233125284807,0.048533995946248375,0.0,0.2001810073852539,0.06790869710776451,0.004611591142874103,0.03337430953979492,0.00010585784912109375,0.16508698463439941,0.05776862475897644,0.0033372140065434258,2,16,0.1111111111111111,0.8888888888888888,0,0.0,1.0,4,12,2,0,0,0.2222222222222222,0.6666666666666666,0.0,0.1111111111111111,0.0,0.9910760598382222,1.879964948727111,0.4608321189880371
QUIC_CONNECT5.pcap,172.16.0.51:47840->172.19.0.8:443,18,172.16.0.51,47840,172.19.0.8,443,18,10,8,14021,5773,8248,778.9444444444445,88,1294,579.3201448654393,335611.83024691354,0.7437245993565299,577.3,88,1294,585.3006150688722,342576.81,1.013858678449458,1031.0,100,1294,461.0292832348071,212548.0,0.4471671030405501,0.026999950408935547,0.0,0.19942498207092285,0.05218765599180737,0.0027235514379192276,0.047512557771470815,0.0,0.19942498207092285,0.0653475149024656,0.004270297703927964,0.03184471811567034,0.00010085105895996094,0.14953303337097168,0.05213538170419131,0.002718098025441726,2,16,0.1111111111111111,0.8888888888888888,0,0.0,1.0,4,12,2,0,0,0.2222222222222222,0.6666666666666666,0.0,0.1111111111111111,0.0,0.9910760598382222,1.879964948727111,0.4589991569519043
QUIC_CONNECT5.pcap,172.16.0.30:52514->172.19.0.8:443,18,172.16.0.30,52514,172.19.0.8,443,18,10,8,14020,5773,8247,778.8888888888889,88,1294,579.3580632321421,335655.7654320987,0.7438263293993265,577.3,88,1294,585.3006150688722,342576.81,1.013858678449458,1030.875,100,1294,461.20479114488825,212709.859375,0.4473915762288233,0.027088109184713924,3.0040740966796875e-05,0.2001018524169922,0.05209042632980044,0.002713412515220367,0.0484156608581543,3.0040740966796875e-05,0.2001018524169922,0.06472474377603177,0.004189292456872964,0.03080613272530692,9.799003601074219e-05,0.14658403396606445,0.051605963581003785,0.0026631754771238893,2,16,0.1111111111111111,0.8888888888888888,0,0.0,1.0,4,12,2,0,0,0.2222222222222222,0.6666666666666666,0.0,0.1111111111111111,0.0,0.9910760598382222,1.879964948727111,0.4604978561401367
QUIC_CONNECT5.pcap,172.16.0.39:60029->172.19.0.8:443,18,172.16.0.39,60029,172.19.0.8,443,18,10,8,14020,5773,8247,778.8888888888889,88,1294,579.3580632321421,335655.7654320987,0.7438263293993265,577.3,88,1294,585.3006150688722,342576.81,1.013858678449458,1030.875,100,1294,461.20479114488825,212709.859375,0.4473915762288233,0.026980287888470816,0.0,0.19857501983642578,0.050494812480655855,0.0025497260874565984,0.04736410246955024,0.0,0.19857501983642578,0.06292337577901977,0.003959351219427732,0.02927412305559431,0.0001289844512939453,0.1297760009765625,0.045592960697140805,0.0020787180651310262,2,16,0.1111111111111111,0.8888888888888888,0,0.0,1.0,4,12,2,0,0,0.2222222222222222,0.6666666666666666,0.0,0.1111111111111111,0.0,0.9910760598382222,1.879964948727111,0.4586648941040039
QUIC_CONNECT5.pcap,172.16.0.36:47486->172.19.0.8:443,18,172.16.0.36,47486,172.19.0.8,443,18,10,8,14024,5773,8251,779.1111111111111,88,1294,579.2069183987599,335480.65432098764,0.7434201747844893,577.3,88,1294,585.3006150688722,342576.81,1.013858678449458,1031.375,100,1294,460.50378323635954,212063.734375,0.44649500253192054,0.027130126953125,3.910064697265625e-05,0.20054197311401367,0.05138260845128978,0.0026401724512585562,0.04876788457234701,3.910064697265625e-05,0.20054197311401367,0.06369293253094212,0.004056789654391145,0.028328010014125278,9.012222290039062e-05,0.13298797607421875,0.047484906974744855,0.0022548163904001725,2,16,0.1111111111111111,0.8888888888888888,0,0.0,1.0,4,12,2,0,0,0.2222222222222222,0.6666666666666666,0.0,0.1111111111111111,0.0,0.9910760598382222,1.879964948727111,0.461212158203125
QUIC_CONNECT5.pcap,172.16.0.54:57815->172.19.0.8:443,18,172.16.0.54,57815,172.19.0.8,443,18,10,8,14028,5773,8255,779.3333333333334,88,1294,579.0571838965667,335307.22222222225,0.7430160614583833,577.3,88,1294,585.3006150688722,342576.81,1.013858678449458,1031.875,100,1294,459.80551255394926,211421.109375,0.44560195038541417,0.0271146437701057,3.814697265625e-05,0.20040202140808105,0.05091972467828509,0.0025928183613123552,0.04863378736707899,3.814697265625e-05,0.20040202140808105,0.06272727076945896,0.00393471049818502,0.02697883333478655,0.00011301040649414062,0.12245798110961914,0.04400722715548043,0.0019366360419140543,2,16,0.1111111111111111,0.8888888888888888,0,0.0,1.0,4,12,2,0,0,0.2222222222222222,0.6666666666666666,0.0,0.1111111111111111,0.0,0.9910760598382222,1.879964948727111,0.4609489440917969
QUIC_CONNECT5.pcap,172.16.0.55:36566->172.19.0.8:443,18,172.16.0.55,36566,172.19.0.8,443,18,12,6,11781,8601,3180,654.5,66,1444,604.2254224303304,365088.3611111111,0.9231862833160127,716.75,87,1444,620.5041129329173,385025.3541666667,0.8657190274613427,530.0,66,1294,549.512511231546,301964.0,1.0368160589274453,0.035575403886682844,0.0,0.20051097869873047,0.0667896057210789,0.004460851432377177,0.054980169643055306,0.0,0.20051097869873047,0.07645282472858825,0.005845034408980235,0.05623779296875,9.894371032714844e-05,0.22670292854309082,0.08592803770149805,0.007383627663230072,7,11,0.3888888888888889,0.6111111111111112,0,0.0,1.0,4,7,7,0,0,0.2222222222222222,0.3888888888888889,0.0,0.3888888888888889,0.0,0.9182958340544896,2.8218881955261783,0.6047818660736084
QUIC_CONNECT5.pcap,172.16.0.63:56711->172.19.0.8:443,18,172.16.0.63,56711,172.19.0.8,443,18,12,6,11781,8601,3180,654.5,66,1444,604.2254224303304,365088.3611111111,0.9231862833160127,716.75,87,1444,620.5041129329173,385025.3541666667,0.8657190274613427,530.0,66,1294,549.512511231546,301964.0,1.0368160589274453,0.03594970703125,0.0,0.20051217079162598,0.06746562934255819,0.004551611142587449,0.055558638139204544,0.0,0.20051217079162598,0.07720405915047639,0.005960466749310256,0.05579819679260254,0.00013899803161621094,0.2260758876800537,0.08577740934063789,0.007357763953191353,7,11,0.3888888888888889,0.6111111111111112,0,0.0,1.0,4,7,7,0,0,0.2222222222222222,0.3888888888888889,0.0,0.3888888888888889,0.0,0.9182958340544896,2.8218881955261783,0.61114501953125
QUIC_CONNECT5.pcap,172.16.0.46:34573->172.19.0.8:443,18,172.16.0.46,34573,172.19.0.8,443,18,10,8,6762,3364,3398,375.6666666666667,91,1294,494.36109160095606,244392.88888888888,1.3159567655748607,336.4,91,1294,478.9559896274396,229398.84000000003,1.4237692914014257,424.75,92,1294,508.7228493983733,258798.9375,1.1976994688602078,0.024064821355483112,0.0,0.16830897331237793,0.042723602653777275,0.0018253062237178449,0.04275189505683051,0.0,0.16830897331237793,0.05185742351753521,0.0026891923738770135,0.05659685816083636,9.989738464355469e-05,0.36974596977233887,0.1280232096962154,0.016389942220921137,0,18,0.0,1.0,0,0.0,1.0,2,16,0,0,0,0.1111111111111111,0.8888888888888888,0.0,0.0,0.0,0.9910760598382222,1.3355055565170972,0.4091019630432129
QUIC_CONNECT5.pcap,172.16.0.39:52647->172.19.0.8:443,18,172.16.0.39,52647,172.19.0.8,443,18,10,8,6746,3357,3389,374.77777777777777,66,1294,495.1789301247643,245202.17283950618,1.3212601159569757,335.7,87,1294,479.3166072649684,229744.40999999997,1.4278123540809307,423.625,66,1294,510.1269296704498,260229.484375,1.2041945816947768,0.02730124136980842,0.0,0.14039015769958496,0.04205636645903088,0.0017687379597362979,0.0515690114763048,0.0,0.14039015769958496,0.04837750627001024,0.0023403831129048796,0.06282155854361397,0.00010204315185546875,0.3596041202545166,0.12174826653415789,0.014822640404072352,4,14,0.2222222222222222,0.7777777777777778,0,0.0,1.0,2,12,4,0,0,0.1111111111111111,0.6666666666666666,0.0,0.2222222222222222,0.0,0.9910760598382222,2.2810361125534233,0.46412110328674316
QUIC_CONNECT5.pcap,172.16.0.53:54171->172.19.0.8:443,18,172.16.0.53,54171,172.19.0.8,443,18,10,8,13695,5765,7930,760.8333333333334,66,1294,596.2121406568863,355468.9166666667,0.7836304148830926,576.5,86,1294,585.9657413194051,343355.85,1.01641932579255,991.25,66,1294,524.4472685599574,275044.9375,0.529076689593904,0.027320356930003446,0.0,0.20006299018859863,0.06024682830795695,0.0036296803211684427,0.05160511864556207,0.0,0.20006299018859863,0.07587493081068483,0.005757005125526211,0.03694156238010952,0.00011301040649414062,0.18284893035888672,0.0620961670259591,0.0038559339593158097,4,14,0.2222222222222222,0.7777777777777778,0,0.0,1.0,4,10,4,0,0,0.2222222222222222,0.5555555555555556,0.0,0.2222222222222222,0.0,0.9910760598382222,1.949137865273585,0.4644460678100586
QUIC_CONNECT5.pcap,172.16.0.33:49195->172.19.0.8:443,18,172.16.0.33,49195,172.19.0.8,443,18,10,8,13696,5766,7930,760.8888888888889,66,1294,596.1492998019213,355393.987654321,0.7834906101368708,576.6,87,1294,585.8821041813787,343257.83999999997,1.0160979954585132,991.25,66,1294,524.4472685599574,275044.9375,0.529076689593904,0.027305939618278954,1.1920928955078125e-06,0.199462890625,0.05791563291442959,0.00335422053587896,0.05157788594563802,1.1920928955078125e-06,0.199462890625,0.0724451666572626,0.005248302171998552,0.03510556902204241,8.797645568847656e-05,0.16853809356689453,0.057353704608282555,0.003289447432294132,4,14,0.2222222222222222,0.7777777777777778,0,0.0,1.0,4,10,4,0,0,0.2222222222222222,0.5555555555555556,0.0,0.2222222222222222,0.0,0.9910760598382222,1.949137865273585,0.4642009735107422
QUIC_CONNECT5.pcap,172.16.0.34:33138->172.19.0.8:443,18,172.16.0.34,33138,172.19.0.8,443,18,9,9,13992,5679,8313,777.3333333333334,66,1294,581.2294440809642,337827.6666666666,0.7477222694008973,631.0,88,1294,593.1306770012827,351804.0,0.9399852250416525,923.6666666666666,66,1294,530.11738741947,281024.44444444444,0.5739271606850993,0.027240823296939626,2.8848648071289062e-05,0.19987106323242188,0.05320782310419438,0.002831072439487241,0.05296987295150757,2.8848648071289062e-05,0.19987106323242188,0.0693573268998205,0.004810438794688565,0.029391616582870483,9.703636169433594e-05,0.1591320037841797,0.05094115120776337,0.002595000886372212,3,15,0.16666666666666666,0.8333333333333334,0,0.0,1.0,4,11,3,0,0,0.2222222222222222,0.6111111111111112,0.0,0.16666666666666666,0.0,1.0,2.0602489763846963,0.46309399604797363
QUIC_CONNECT5.pcap,172.16.0.36:35809->172.19.0.8:443,18,172.16.0.36,35809,172.19.0.8,443,18,9,9,13991,5679,8312,777.2777777777778,66,1294,581.2671794885871,337871.5339506173,0.7478242606528888,631.0,88,1294,593.1306770012827,351804.0,0.9399852250416525,923.5555555555555,66,1294,530.2307906544326,281144.69135802466,0.5741189985430574,0.02721717778374167,3.0994415283203125e-05,0.19873785972595215,0.05166354776199357,0.0026691221673557906,0.05277910828590393,3.0994415283203125e-05,0.19873785972595215,0.06708092777288252,0.004499850870870681,0.028308510780334473,0.00010013580322265625,0.14777183532714844,0.04714735470040286,0.0022228730552456,3,15,0.16666666666666666,0.8333333333333334,0,0.0,1.0,4,11,3,0,0,0.2222222222222222,0.6111111111111112,0.0,0.16666666666666666,0.0,1.0,2.0602489763846963,0.4626920223236084
QUIC_CONNECT5.pcap,172.16.0.24:55266->172.19.0.8:443,18,172.16.0.24,55266,172.19.0.8,443,18,10,8,14024,5773,8251,779.1111111111111,88,1294,579.2069183987599,335480.65432098764,0.7434201747844893,577.3,88,1294,585.3006150688722,342576.81,1.013858678449458,1031.375,100,1294,460.50378323635954,212063.734375,0.44649500253192054,0.025847406948313993,0.0,0.20015907287597656,0.05223568994695893,0.002728567304234826,0.047247224383884005,0.0,0.20015907287597656,0.0652529270726735,0.004257944491551645,0.027842998504638672,9.512901306152344e-05,0.14524197578430176,0.04983736460209865,0.0024837629104825154,2,16,0.1111111111111111,0.8888888888888888,0,0.0,1.0,4,12,2,0,0,0.2222222222222222,0.6666666666666666,0.0,0.1111111111111111,0.0,0.9910760598382222,1.879964948727111,0.4394059181213379
QUIC_CONNECT5.pcap,172.16.0.57:53733->172.19.0.8:443,18,172.16.0.57,53733,172.19.0.8,443,18,10,8,14024,5773,8251,779.1111111111111,88,1294,579.2069183987599,335480.65432098764,0.7434201747844893,577.3,88,1294,585.3006150688722,342576.81,1.013858678449458,1031.375,100,1294,460.50378323635954,212063.734375,0.44649500253192054,0.0258634651408476,0.0,0.20023798942565918,0.05450737971273052,0.0029710544431477866,0.047326220406426325,0.0,0.20023798942565918,0.06861126749148633,0.004707506026788288,0.026668991361345564,0.000102996826171875,0.13744497299194336,0.0472100337550232,0.00222878728715043,2,16,0.1111111111111111,0.8888888888888888,0,0.0,1.0,4,12,2,0,0,0.2222222222222222,0.6666666666666666,0.0,0.1111111111111111,0.0,0.9910760598382222,1.879964948727111,0.4396789073944092
QUIC_CONNECT5.pcap,172.16.0.44:43375->172.19.0.8:443,18,172.16.0.44,43375,172.19.0.8,443,18,10,8,14027,5773,8254,779.2777777777778,88,1294,579.0944852435621,335350.4228395061,0.743116898437593,577.3,88,1294,585.3006150688722,342576.81,1.013858678449458,1031.75,100,1294,459.9798229270497,211581.4375,0.4458248828951294,0.02588029468760771,0.0,0.20048785209655762,0.051505124229187925,0.0026527778218640814,0.047419759962293834,0.0,0.20048785209655762,0.0639326946086966,0.004087389439928864,0.02542901039123535,9.608268737792969e-05,0.13054800033569336,0.04500460104053348,0.002025414114817587,2,16,0.1111111111111111,0.8888888888888888,0,0.0,1.0,4,12,2,0,0,0.2222222222222222,0.6666666666666666,0.0,0.1111111111111111,0.0,0.9910760598382222,1.879964948727111,0.43996500968933105
QUIC_CONNECT5.pcap,172.16.0.45:37841->172.19.0.8:443,18,172.16.0.45,37841,172.19.0.8,443,18,10,8,14019,5773,8246,778.8333333333334,88,1294,579.3960696756197,335699.80555555556,0.7439281870433807,577.3,88,1294,585.3006150688722,342576.81,1.013858678449458,1030.75,100,1294,461.3804693525724,212871.9375,0.44761626907841123,0.02589105157291188,0.0,0.20056486129760742,0.05120900957048501,0.0026223626611900255,0.04748855696784125,0.0,0.20056486129760742,0.06352339636258948,0.004035221885438647,0.0239168575831822,0.00013494491577148438,0.12087011337280273,0.0418306640479142,0.0017498044546894616,2,16,0.1111111111111111,0.8888888888888888,0,0.0,1.0,4,12,2,0,0,0.2222222222222222,0.6666666666666666,0.0,0.1111111111111111,0.0,0.9910760598382222,1.879964948727111,0.44014787673950195
QUIC_CONNECT5.pcap,172.16.0.40:45006->172.19.0.8:443,18,172.16.0.40,45006,172.19.0.8,443,18,10,8,14025,5773,8252,779.1666666666666,88,1294,579.1693525117579,335437.1388888889,0.7433189550953043,577.3,88,1294,585.3006150688722,342576.81,1.013858678449458,1031.5,100,1294,460.3289584634015,211902.75,0.44627140907746143,0.025862946229822496,0.0,0.19993305206298828,0.051006798874822304,0.002601693531456574,0.04748278194003635,0.0,0.19993305206298828,0.06299982950535173,0.003968978517703385,0.02250541959490095,0.0001049041748046875,0.11236405372619629,0.03910736189643139,0.0015293857544984534,2,16,0.1111111111111111,0.8888888888888888,0,0.0,1.0,4,12,2,0,0,0.2222222222222222,0.6666666666666666,0.0,0.1111111111111111,0.0,0.9910760598382222,1.879964948727111,0.4396700859069824
QUIC_CONNECT5.pcap,172.16.0.43:38272->172.19.0.8:443,18,172.16.0.43,38272,172.19.0.8,443,18,10,8,14028,5773,8255,779.3333333333334,88,1294,579.0571838965667,335307.22222222225,0.7430160614583833,577.3,88,1294,585.3006150688722,342576.81,1.013858678449458,1031.875,100,1294,459.80551255394926,211421.109375,0.44560195038541417,0.025877952575683594,1.4066696166992188e-05,0.20041799545288086,0.05127353059130865,0.0026289749392978644,0.047553459803263344,1.4066696166992188e-05,0.20041799545288086,0.06328207235184333,0.004004620681143933,0.021356310163225447,9.393692016601562e-05,0.10572314262390137,0.03702707825134859,0.0013710045238314922,2,16,0.1111111111111111,0.8888888888888888,0,0.0,1.0,4,12,2,0,0,0.2222222222222222,0.6666666666666666,0.0,0.1111111111111111,0.0,0.9910760598382222,1.879964948727111,0.4399251937866211
QUIC_CONNECT5.pcap,172.16.0.54:56034->172.19.0.8:443,18,172.16.0.54,56034,172.19.0.8,443,18,12,6,11784,8601,3183,654.6666666666666,66,1444,604.1445743087218,364990.6666666666,0.9228277611640353,716.75,87,1444,620.5041129329173,385025.3541666667,0.8657190274613427,530.5,66,1294,549.3589445890547,301795.25,1.0355493771706967,0.03660234282998478,1.1920928955078125e-06,0.20051789283752441,0.0682528871019668,0.004658456597753825,0.056567257100885567,1.1920928955078125e-06,0.20051789283752441,0.07803406688350001,0.006089315594378552,0.05614795684814453,0.00010800361633300781,0.22632980346679688,0.0857078278243436,0.007345831750367325,7,11,0.3888888888888889,0.6111111111111112,0,0.0,1.0,4,7,7,0,0,0.2222222222222222,0.3888888888888889,0.0,0.3888888888888889,0.0,0.9182958340544896,2.8218881955261783,0.6222398281097412
QUIC_CONNECT5.pcap,172.16.0.46:40265->172.19.0.8:443,18,172.16.0.46,40265,172.19.0.8,443,18,10,8,6738,3357,3381,374.3333333333333,66,1294,495.1964817681518,245219.5555555555,1.322875730458108,335.7,87,1294,479.3166072649684,229744.40999999997,1.4278123540809307,422.625,66,1294,510.26045738916514,260365.734375,1.2073598518525055,0.02672581111683565,3.695487976074219e-05,0.1447441577911377,0.044268799038497605,0.0019597265683108864,0.050482087665134005,3.695487976074219e-05,0.14753198623657227,0.052733620912298544,0.0027808347745220106,0.06250112397330147,0.00011897087097167969,0.35044217109680176,0.11820730717964843,0.013972967470663763,4,14,0.2222222222222222,0.7777777777777778,0,0.0,1.0,2,12,4,0,0,0.1111111111111111,0.6666666666666666,0.0,0.2222222222222222,0.0,0.9910760598382222,2.2810361125534233,0.45433878898620605
QUIC_CONNECT5.pcap,172.16.0.58:41174->172.19.0.8:443,18,172.16.0.58,41174,172.19.0.8,443,18,10,8,6737,3357,3380,374.27777777777777,66,1294,495.1991524803772,245222.2006172839,1.3230792258641517,335.7,87,1294,479.3166072649684,229744.40999999997,1.4278123540809307,422.5,66,1294,510.2781104456667,260383.75,1.2077588412915188,0.02623734754674575,0.0,0.1564500331878662,0.04042070872948171,0.0016338336941935988,0.049559434254964195,0.0,0.1564500331878662,0.04699485899776926,0.0022085167722202138,0.06092827660696847,0.00010013580322265625,0.33977580070495605,0.11431372499829094,0.013067627722984887,4,14,0.2222222222222222,0.7777777777777778,0,0.0,1.0,2,12,4,0,0,0.1111111111111111,0.6666666666666666,0.0,0.2222222222222222,0.0,0.9910760598382222,2.2810361125534233,0.44603490829467773
QUIC_CONNECT5.pcap,172.16.0.41:56456->172.19.0.8:443,18,172.16.0.41,56456,172.19.0.8,443,18,10,8,17331,6979,10352,962.8333333333334,94,1294,534.0534981524687,285213.1388888889,0.5546686842504435,697.9,94,1294,596.2020546760972,355456.89,0.8542800611493011,1294.0,1294,1294,0.0,0.0,0.0,0.03920217121348662,0.0,0.45811009407043457,0.11506054911989702,0.013238929963772236,0.07404854562547472,0.0,0.6614730358123779,0.20768825307499797,0.0431344104653444,0.06614926883152553,9.894371032714844e-05,0.4588460922241211,0.160320351039433,0.02570261495740703,0,18,0.0,1.0,0,0.0,1.0,5,13,0,0,0,0.2777777777777778,0.7222222222222222,0.0,0.0,0.0,0.9910760598382222,1.0529407605626346,0.6664369106292725
QUIC_CONNECT5.pcap,172.16.0.51:42237->172.19.0.8:443,18,172.16.0.51,42237,172.19.0.8,443,18,9,9,13999,5679,8320,777.7222222222222,66,1294,580.9677563777677,337523.5339506173,0.7470119019072662,631.0,88,1294,593.1306770012827,351804.0,0.9399852250416525,924.4444444444445,66,1294,529.3281089396068,280188.2469135802,0.5725905024587092,0.026910052579991958,0.0,0.19714903831481934,0.05328527017000579,0.002839320017090509,0.051408618688583374,0.0,0.19714903831481934,0.07009745427239363,0.004913653095470316,0.030690103769302368,0.00011205673217773438,0.16458606719970703,0.05277276660979967,0.0027849648956523865,3,15,0.16666666666666666,0.8333333333333334,0,0.0,1.0,4,11,3,0,0,0.2222222222222222,0.6111111111111112,0.0,0.16666666666666666,0.0,1.0,2.0602489763846963,0.4574708938598633
QUIC_CONNECT5.pcap,172.16.0.52:42283->172.19.0.8:443,18,172.16.0.52,42283,172.19.0.8,443,18,9,9,13993,5679,8314,777.3888888888889,66,1294,581.1917965017982,337783.90432098764,0.7476204057051645,631.0,88,1294,593.1306770012827,351804.0,0.9399852250416525,923.7777777777778,66,1294,530.004146268431,280904.39506172837,0.57373554443299,0.026923361946554744,0.0,0.19771695137023926,0.05264987723505553,0.002772009572866418,0.05161026120185852,0.0,0.19771695137023926,0.06889494725689728,0.004746513757530657,0.029602259397506714,9.584426879882812e-05,0.15851497650146484,0.050982263179038666,0.0025991911588567618,3,15,0.16666666666666666,0.8333333333333334,0,0.0,1.0,4,11,3,0,0,0.2222222222222222,0.6111111111111112,0.0,0.16666666666666666,0.0,1.0,2.0602489763846963,0.45769715309143066
QUIC_CONNECT5.pcap,172.16.0.40:39071->172.19.0.8:443,18,172.16.0.40,39071,172.19.0.8,443,18,9,9,13996,5679,8317,777.5555555555555,66,1294,581.0793809055526,337653.24691358034,0.7473155799013966,631.0,88,1294,593.1306770012827,351804.0,0.9399852250416525,924.1111111111111,66,1294,529.6653963577056,280545.43209876545,0.5731620256365697,0.02691218432258157,1.5974044799804688e-05,0.19767498970031738,0.05145491583464978,0.002647608363550892,0.05149838328361511,1.5974044799804688e-05,0.19767498970031738,0.06698795169547003,0.004487385672354627,0.028488636016845703,9.512901306152344e-05,0.148482084274292,0.047707277343588594,0.002275984311538082,3,15,0.16666666666666666,0.8333333333333334,0,0.0,1.0,4,11,3,0,0,0.2222222222222222,0.6111111111111112,0.0,0.16666666666666666,0.0,1.0,2.0602489763846963,0.4575071334838867
QUIC_CONNECT5.pcap,172.16.0.61:51462->172.19.0.8:443,18,172.16.0.61,51462,172.19.0.8,443,18,9,9,13999,5679,8320,777.7222222222222,66,1294,580.9677563777677,337523.5339506173,0.7470119019072662,631.0,88,1294,593.1306770012827,351804.0,0.9399852250416525,924.4444444444445,66,1294,529.3281089396068,280188.2469135802,0.5725905024587092,0.026930879144107595,0.0,0.1977400779724121,0.05096512891520863,0.002597444365343835,0.05173113942146301,0.0,0.1977400779724121,0.06604039128907507,0.004361333281614144,0.02743622660636902,8.988380432128906e-05,0.14233112335205078,0.04591012553195422,0.0021077396263597947,3,15,0.16666666666666666,0.8333333333333334,0,0.0,1.0,4,11,3,0,0,0.2222222222222222,0.6111111111111112,0.0,0.16666666666666666,0.0,1.0,2.0602489763846963,0.4578249454498291
QUIC_CONNECT5.pcap,172.16.0.28:33681->172.19.0.8:443,18,172.16.0.28,33681,172.19.0.8,443,18,10,8,14023,5773,8250,779.0555555555555,88,1294,579.2445724315058,335524.274691358,0.7435215220542755,577.3,88,1294,585.3006150688722,342576.81,1.013858678449458,1031.25,100,1294,460.6787790858181,212224.9375,0.44671881608321756,0.025496595046099496,0.0,0.1981799602508545,0.051197852387396235,0.002621220089081614,0.04627288712395562,0.0,0.1981799602508545,0.0637645314076997,0.004065915465643523,0.026618003845214844,9.608268737792969e-05,0.13747119903564453,0.04771645058085747,0.0022768596560354126,2,16,0.1111111111111111,0.8888888888888888,0,0.0,1.0,4,12,2,0,0,0.2222222222222222,0.6666666666666666,0.0,0.1111111111111111,0.0,0.9910760598382222,1.879964948727111,0.4334421157836914
QUIC_CONNECT5.pcap,172.16.0.47:53439->172.19.0.8:443,18,172.16.0.47,53439,172.19.0.8,443,18,10,8,14025,5773,8252,779.1666666666666,88,1294,579.1693525117579,335437.1388888889,0.7433189550953043,577.3,88,1294,585.3006150688722,342576.81,1.013858678449458,1031.5,100,1294,460.3289584634015,211902.75,0.44627140907746143,0.02548112588770249,1.811981201171875e-05,0.19811797142028809,0.050559782727280636,0.002556291629429825,0.04617489708794488,1.811981201171875e-05,0.19811797142028809,0.06293616252752951,0.003960960553691609,0.025320870535714284,9.489059448242188e-05,0.12735414505004883,0.04421869741245925,0.0019552932008546305,2,16,0.1111111111111111,0.8888888888888888,0,0.0,1.0,4,12,2,0,0,0.2222222222222222,0.6666666666666666,0.0,0.1111111111111111,0.0,0.9910760598382222,1.879964948727111,0.4331791400909424
QUIC_CONNECT5.pcap,172.16.0.49:55265->172.19.0.8:443,18,172.16.0.49,55265,172.19.0.8,443,18,9,9,13993,5679,8314,777.3888888888889,66,1294,581.1917965017982,337783.90432098764,0.7476204057051645,631.0,88,1294,593.1306770012827,351804.0,0.9399852250416525,923.7777777777778,66,1294,530.004146268431,280904.39506172837,0.57373554443299,0.026944244609159583,0.0,0.19805192947387695,0.051958722317823614,0.0026997088249007014,0.051829248666763306,0.0,0.19805192947387695,0.06761777970410453,0.00457216413211281,0.02411690354347229,9.822845458984375e-05,0.1169438362121582,0.03802826055156453,0.0014461486005776791,3,15,0.16666666666666666,0.8333333333333334,0,0.0,1.0,4,11,3,0,0,0.2222222222222222,0.6111111111111112,0.0,0.16666666666666666,0.0,1.0,2.0602489763846963,0.4580521583557129
QUIC_CONNECT5.pcap,172.16.0.60:40358->172.19.0.8:443,18,172.16.0.60,40358,172.19.0.8,443,18,10,8,14025,5773,8252,779.1666666666666,88,1294,579.1693525117579,335437.1388888889,0.7433189550953043,577.3,88,1294,585.3006150688722,342576.81,1.013858678449458,1031.5,100,1294,460.3289584634015,211902.75,0.44627140907746143,0.025548822739545035,0.0,0.19905519485473633,0.050330601940296815,0.00253316949167261,0.04635466469658746,0.0,0.19905519485473633,0.06237086124307566,0.003890124332202998,0.02290027482169015,9.107589721679688e-05,0.11189389228820801,0.03932046570455664,0.0015460990232232148,2,16,0.1111111111111111,0.8888888888888888,0,0.0,1.0,4,12,2,0,0,0.2222222222222222,0.6666666666666666,0.0,0.1111111111111111,0.0,0.9910760598382222,1.879964948727111,0.4343299865722656
QUIC_CONNECT5.pcap,172.16.0.24:56099->172.19.0.8:443,18,172.16.0.24,56099,172.19.0.8,443,18,12,6,11777,8600,3177,654.2777777777778,66,1444,604.3592387861485,365250.0895061728,0.9237043642821322,716.6666666666666,86,1444,620.5887437658606,385130.38888888893,0.8659377819988753,529.5,66,1294,549.668309073754,302135.25,1.0380893466926422,0.03595906145432416,0.0,0.20062518119812012,0.06736194640854255,0.0045376318239473586,0.055573094974864616,0.0,0.20062518119812012,0.07705483396222736,0.005937447436946427,0.056257200241088864,0.00015997886657714844,0.22742414474487305,0.08624336542231867,0.007437918079367591,7,11,0.3888888888888889,0.6111111111111112,0,0.0,1.0,4,7,7,0,0,0.2222222222222222,0.3888888888888889,0.0,0.3888888888888889,0.0,0.9182958340544896,2.8218881955261783,0.6113040447235107
